1628249877.1268072
1628249877.1344264
1628249877.1411326
1628249877.148302
1628249877.153815
1628249877.1607382
1628249877.1674726
1628249877.1748896
1628249877.1806436
1628249877.1883175
1628249877.1943235
1628249877.2011664
1628249877.20815
1628249877.2159607
1628249877.221954
1628249877.2288423
1628249877.2354572
1628249877.2418127
1628249877.2490976
1628249877.2562525
1628249877.2623377
1628249877.2691958
1628249877.27612
1628249877.2844193
1628249877.289827
1628249877.2970011
1628249877.3072963
1628249877.3173969
1628249877.3240333
1628249877.330958
1628249877.3402476
1628249877.3441172
1628249877.3521519
1628249877.3578281
1628249877.369065
1628249877.3712685
1628249877.378105
1628249877.3858864
1628249877.3913777
1628249877.3984745
1628249877.4076529
1628249877.4119217
1628249877.4201849
1628249877.4257805
1628249877.4321992
1628249877.4388788
1628249877.445628
1628249877.4526129
1628249877.459479
1628249877.466473
1628249877.4735248
1628249877.4804368
1628249877.48728
1628249877.4943302
1628249877.5005128
1628249877.5118003
1628249877.514315
1628249877.5213304
1628249877.5321705
1628249877.5370672
1628249877.5417101
1628249877.548858
1628249877.5552166
1628249877.5627675
1628249877.568576
1628249877.5753655
1628249877.5823011
1628249877.5893888
1628249877.5961702
1628249877.6053703
1628249877.6092403
1628249877.6163082
1628249877.6232145
1628249877.6313372
1628249877.637455
1628249877.6436136
1628249877.6543941
1628249877.659303
1628249877.6640015
1628249877.6709726
1628249877.6777868
1628249877.685471
1628249877.6911213
1628249877.6981854
1628249877.7112024
1628249877.7206597
1628249877.7255476
1628249877.7314873
1628249877.7386541
1628249877.745452
1628249877.7526543
1628249877.7595448
1628249877.7713938
1628249877.772714
1628249877.779474
1628249877.7864628
1628249877.7934706
1628249877.8002982
1628249877.8075695
1628249877.8130763
1628249877.8216352
1628249877.8283057
1628249877.833855
1628249877.8406727
1628249877.8477097
1628249877.854798
1628249877.8609264
1628249877.8678353
1628249877.8747692
1628249877.8819413
1628249877.888548
1628249877.8958573
1628249877.902544
1628249877.9084485
1628249877.915725
1628249877.9223354
1628249877.9296103
1628249877.9364274
1628249877.9431517
1628249877.949377
1628249877.9563599
1628249877.963955
1628249877.9724448
1628249877.9776785
1628249877.9835594
1628249877.9904609
1628249877.9973433
1628249878.0043445
1628249878.011317
1628249878.0182064
1628249878.025165
1628249878.0317254
1628249878.040178
1628249878.0446339
1628249878.0515037
1628249878.0588043
1628249878.066153
1628249878.0742211
1628249878.0784829
1628249878.0885606
1628249878.0936046
1628249878.0988066
1628249878.107464
1628249878.1130087
1628249878.120013
1628249878.1321933
1628249878.133639
1628249878.1403522
1628249878.1467154
1628249878.153284
1628249878.1601467
1628249878.1670961
1628249878.1759176
1628249878.180223
1628249878.1882935
1628249878.194331
1628249878.201601
1628249878.2071617
1628249878.2155201
1628249878.2208881
1628249878.228304
1628249878.2347295
1628249878.2435017
1628249878.2485096
1628249878.2562466
1628249878.2630303
1628249878.2721574
1628249878.2753568
1628249878.2826724
1628249878.2895534
1628249878.297111
1628249878.3027346
1628249878.312225
1628249878.3166523
1628249878.3238184
1628249878.3321085
1628249878.3372612
1628249878.3442037
1628249878.3521495
1628249878.357794
1628249878.3654554
1628249878.371308
1628249878.377597
1628249878.3883417
1628249878.3918078
1628249878.398503
1628249878.4052618
1628249878.4174664
1628249878.4188073
1628249878.4258323
1628249878.4317424
1628249878.4386055
1628249878.4454415
1628249878.4524288
1628249878.4596252
1628249878.465581
1628249878.472376
1628249878.4802916
1628249878.486701
1628249878.4935174
1628249878.499784
1628249878.5066733
1628249878.5138862
1628249878.520712
1628249878.5275898
1628249878.5334485
1628249878.5405128
1628249878.5474672
1628249878.554824
1628249878.5622005
1628249878.5682282
1628249878.5749779
1628249878.5818973
1628249878.5896497
1628249878.5949142
1628249878.6018286
1628249878.608699
1628249878.6164699
1628249878.621931
1628249878.6285777
1628249878.636451
1628249878.6427407
1628249878.6503444
1628249878.655751
1628249878.662596
1628249878.6696544
1628249878.6766012
1628249878.6831572
1628249878.6900554
1628249878.696927
1628249878.703912
1628249878.7107446
1628249878.7185826
1628249878.7243977
1628249878.7312727
1628249878.7380831
1628249878.744038
1628249878.7518284
1628249878.757661
1628249878.7656856
1628249878.7716827
1628249878.7784836
1628249878.7853396
1628249878.7923517
1628249878.7993019
1628249878.8052547
1628249878.8119917
1628249878.8191426
1628249878.8300831
1628249878.8337572
1628249878.8404987
1628249878.8464007
1628249878.8533998
1628249878.8602974
1628249878.8671906
1628249878.874153
1628249878.8799107
1628249878.886929
1628249878.8939698
1628249878.9021251
1628249878.907694
1628249878.9145868
1628249878.9206772
1628249878.9311738
1628249878.9349725
1628249878.941283
1628249878.9484353
1628249878.9552333
1628249878.9615493
1628249878.9688797
1628249878.9763453
1628249878.9841478
1628249878.9888663
1628249878.9956157
1628249879.0027041
1628249879.0097356
1628249879.0229235
1628249879.0305166
1628249879.036505
1628249879.043409
1628249879.0541902
1628249879.058727
1628249879.0649953
1628249879.070641
1628249879.0775557
1628249879.0844753
1628249879.091427
1628249879.098568
1628249879.1082094
1628249879.1112428
1628249879.1216042
1628249879.1257539
1628249879.1330273
1628249879.1393838
1628249879.1455913
1628249879.1533046
1628249879.1594896
1628249879.1671066
1628249879.1731334
1628249879.1800497
1628249879.1859171
1628249879.192804
1628249879.1995306
1628249879.2063222
1628249879.2132285
1628249879.2206888
1628249879.22752
1628249879.2344234
1628249879.240251
1628249879.247398
1628249879.2557018
1628249879.2682288
1628249879.275039
1628249879.2818675
1628249879.2884393
1628249879.2953045
1628249879.3042674
1628249879.3091438
1628249879.315994
1628249879.3219366
1628249879.3288205
1628249879.3365197
1628249879.3422518
1628249879.3496997
1628249879.3573809
1628249879.3633013
1628249879.3698862
1628249879.3775637
1628249879.3838146
1628249879.392584
1628249879.3973246
1628249879.4043186
1628249879.4111228
1628249879.4208562
1628249879.4243999
1628249879.4316251
1628249879.440167
1628249879.4442194
1628249879.4522133
1628249879.4583135
1628249879.4660392
1628249879.4716332
1628249879.478503
1628249879.4856682
1628249879.5004067
1628249879.506593
1628249879.514275
1628249879.5210402
1628249879.5265543
1628249879.5364542
1628249879.540439
1628249879.5474885
1628249879.5543673
1628249879.5613663
1628249879.5674918
1628249879.575928
1628249879.582045
1628249879.588693
1628249879.5947173
1628249879.6015675
1628249879.6084962
1628249879.6154299
1628249879.6224134
1628249879.6325793
1628249879.6369455
1628249879.6426613
1628249879.6496346
1628249879.6569831
1628249879.665663
1628249879.6714675
1628249879.6771874
1628249879.684026
1628249879.6909435
1628249879.7007427
1628249879.7060788
1628249879.7117186
1628249879.7218287
1628249879.7253673
1628249879.7323537
1628249879.7453115
1628249879.752154
1628249879.7594569
1628249879.766891
1628249879.7726257
1628249879.7795918
1628249879.789303
1628249879.792767
1628249879.80037
1628249879.8082201
1628249879.813144
1628249879.8213277
1628249879.8261156
1628249879.83587
1628249879.840575
1628249879.847596
1628249879.855066
1628249879.8605285
1628249879.8674974
1628249879.8741508
1628249879.8841524
1628249879.888133
1628249879.8965013
1628249879.905242
1628249879.912707
1628249879.9151478
1628249879.921692
1628249879.9299057
1628249879.9367006
1628249879.9425929
1628249879.9487991
1628249879.955447
1628249879.9625232
1628249879.968934
1628249879.9761257
1628249879.9826028
1628249879.9918754
1628249879.9981406
1628249880.004157
1628249880.0103652
1628249880.0194542
1628249880.024476
1628249880.0325503
1628249880.0402083
1628249880.0435088
1628249880.055367
1628249880.0572646
1628249880.0643895
1628249880.0706022
1628249880.0774853
1628249880.0844715
1628249880.0914273
1628249880.0983806
1628249880.1049194
1628249880.1117399
1628249880.1196363
1628249880.1256022
1628249880.1317396
1628249880.1385505
1628249880.1453967
1628249880.152463
1628249880.159437
1628249880.166764
1628249880.1724377
1628249880.179777
1628249880.1862545
1628249880.1969976
1628249880.200184
1628249880.2072122
1628249880.2146084
1628249880.2214754
1628249880.2268941
1628249880.2340202
1628249880.2403786
1628249880.2481444
1628249880.2546706
1628249880.2641447
1628249880.2683144
1628249880.274209
1628249880.2817333
1628249880.2886686
1628249880.2980158
1628249880.3079271
1628249880.3092837
1628249880.3157284
1628249880.3228292
1628249880.3302777
1628249880.3390055
1628249880.3425076
1628249880.3500874
1628249880.3557293
1628249880.3629692
1628249880.3747175
1628249880.3771036
1628249880.3848581
1628249880.3903031
1628249880.397963
1628249880.404185
1628249880.410153
1628249880.425196
1628249880.425206
1628249880.4402092
1628249880.4402175
1628249880.4448977
1628249880.4508607
1628249880.4602206
1628249880.465521
1628249880.4718254
1628249880.478775
1628249880.4847708
1628249880.4921596
1628249880.5028887
1628249880.5055537
1628249880.5123482
1628249880.5254452
1628249880.5323668
1628249880.538974
1628249880.545933
1628249880.5529914
1628249880.5598624
1628249880.566786
1628249880.5736775
1628249880.5798905
1628249880.596413
1628249880.6011734
1628249880.606938
1628249880.6156344
1628249880.6306467
1628249880.63458
1628249880.6409423
1628249880.647861
1628249880.6553624
1628249880.6655905
1628249880.6679268
1628249880.6747773
1628249880.6822748
1628249880.696036
1628249880.7031097
1628249880.7092428
1628249880.7261693
1628249880.726268
1628249880.7372139
1628249880.7432134
1628249880.750524
1628249880.7568955
1628249880.7630506
1628249880.770009
1628249880.7803988
1628249880.7837517
1628249880.7915745
1628249880.7984822
1628249880.8036551
1628249880.8105028
1628249880.8194368
1628249880.8289385
1628249880.8361444
1628249880.8404982
1628249880.8451457
1628249880.8546216
1628249880.8600006
1628249880.8669162
1628249880.8723047
1628249880.8791466
1628249880.885402
1628249880.892983
1628249880.8997078
1628249880.9063938
1628249880.912514
1628249880.920636
1628249880.9283586
1628249880.9331675
1628249880.9406672
1628249880.9463148
1628249880.9533377
1628249880.9623566
1628249880.9699392
1628249880.9763284
1628249880.980848
1628249880.9881527
1628249880.9938421
1628249881.0016146
1628249881.0075467
1628249881.0147197
1628249881.0213835
1628249881.0282943
1628249881.0380664
1628249881.0416203
1628249881.0485454
1628249881.0558136
1628249881.0635436
1628249881.069258
1628249881.0761003
1628249881.083404
1628249881.089229
1628249881.0964935
1628249881.1036434
1628249881.1102626
1628249881.1160226
1628249881.1237137
1628249881.1296802
1628249881.1370716
1628249881.1438513
1628249881.1506412
1628249881.1601589
1628249881.1662712
1628249881.1703837
1628249881.1777802
1628249881.1846383
1628249881.191128
1628249881.1980836
1628249881.2051094
1628249881.2118514
1628249881.2228718
1628249881.2253191
1628249881.233036
1628249881.2402387
1628249881.2451093
1628249881.252106
1628249881.2595952
1628249881.2677505
1628249881.2724988
1628249881.2800314
1628249881.286216
1628249881.2931907
1628249881.300125
1628249881.3082004
1628249881.3136437
1628249881.320987
1628249881.3281891
1628249881.338701
1628249881.34065
1628249881.347457
1628249881.3547528
1628249881.3614411
1628249881.3720946
1628249881.3757591
1628249881.382199
1628249881.3888745
1628249881.39467
1628249881.4015846
1628249881.4086378
1628249881.4165192
1628249881.4215908
1628249881.4288995
1628249881.4385476
1628249881.4423153
1628249881.449165
1628249881.4564643
1628249881.4648206
1628249881.4693923
1628249881.4761915
1628249881.4835546
1628249881.4897885
1628249881.4981833
1628249881.5030339
1628249881.5100076
1628249881.5173545
1628249881.524089
1628249881.5322046
1628249881.5445998
1628249881.5521338
1628249881.5591304
1628249881.5649261
1628249881.5709517
1628249881.5781152
1628249881.5848727
1628249881.5919402
1628249881.5990279
1628249881.6050017
1628249881.6119282
1628249881.6193523
1628249881.6262708
1628249881.6323457
1628249881.6392624
1628249881.6455789
1628249881.654617
1628249881.6597595
1628249881.6665847
1628249881.6732295
1628249881.680047
1628249881.6874268
1628249881.6933157
1628249881.7005773
1628249881.7072868
1628249881.7140706
1628249881.7216227
1628249881.728655
1628249881.7360039
1628249881.741397
1628249881.7521818
1628249881.7540941
1628249881.7610853
1628249881.768674
1628249881.7753859
1628249881.7824998
1628249881.796279
1628249881.80219
1628249881.8089933
1628249881.8159745
1628249881.8220115
1628249881.8290117
1628249881.8359823
1628249881.8426504
1628249881.849924
1628249881.8557994
1628249881.8628542
1628249881.869728
1628249881.8765664
1628249881.8835373
1628249881.890331
1628249881.8990703
1628249881.9041722
1628249881.9117193
1628249881.9243722
1628249881.9243743
1628249881.9322038
1628249881.93864
1628249881.9444053
1628249881.9516761
1628249881.9617612
1628249881.965619
1628249881.972121
1628249881.9782686
1628249881.9852798
1628249881.992096
1628249881.9987564
1628249882.0057707
1628249882.0125322
1628249882.0187953
1628249882.0282798
1628249882.0327682
1628249882.0398147
1628249882.0474575
1628249882.0531683
1628249882.0605028
1628249882.0682135
1628249882.074671
1628249882.0800455
1628249882.0882714
1628249882.0938778
1628249882.1008244
1628249882.1089382
1628249882.1149156
1628249882.1205945
1628249882.1281946
1628249882.1355498
1628249882.1430638
1628249882.1478798
1628249882.1548076
1628249882.161554
1628249882.1703568
1628249882.1763718
1628249882.1830525
1628249882.192231
1628249882.1956596
1628249882.202714
1628249882.2095222
1628249882.217221
1628249882.2233436
1628249882.2312522
1628249882.2359338
1628249882.2429461
1628249882.2495935
1628249882.2567155
1628249882.2666817
1628249882.2749438
1628249882.2770624
1628249882.283948
1628249882.290832
1628249882.2989478
1628249882.3038242
1628249882.3111951
1628249882.319756
1628249882.3243973
1628249882.3342988
1628249882.338837
1628249882.3454108
1628249882.3521657
1628249882.3584096
1628249882.3688195
1628249882.3723392
1628249882.379237
1628249882.3862448
1628249882.3932552
1628249882.3991206
1628249882.4060268
1628249882.4127152
1628249882.4201503
1628249882.4280808
1628249882.4366841
1628249882.4402008
1628249882.447483
1628249882.4552472
1628249882.4605093
1628249882.4673684
1628249882.4741602
1628249882.4814508
1628249882.495045
1628249882.5016131
1628249882.5084124
1628249882.5152094
1628249882.5232456
1628249882.5284138
1628249882.5420852
1628249882.5521922
1628249882.5559437
1628249882.5628672
1628249882.5710733
1628249882.575956
1628249882.5852306
1628249882.5901701
1628249882.5971065
1628249882.6038914
1628249882.6115022
1628249882.6191764
1628249882.628078
1628249882.6313255
1628249882.6371841
1628249882.6441705
1628249882.651192
1628249882.6606324
1628249882.6657803
1628249882.6716266
1628249882.6785965
1628249882.6866128
1628249882.6922896
1628249882.6987984
1628249882.7055767
1628249882.7124054
1628249882.7203932
1628249882.729807
1628249882.7325232
1628249882.7397845
1628249882.7489138
1628249882.7559247
1628249882.7595236
1628249882.766607
1628249882.7735069
1628249882.7806275
1628249882.789178
1628249882.7933202
1628249882.8035681
1628249882.8069515
1628249882.8201811
1628249882.8209717
1628249882.8288436
1628249882.835065
1628249882.8419478
1628249882.8555803
1628249882.8621054
1628249882.8704557
1628249882.875051
1628249882.8817468
1628249882.8887758
1628249882.8958886
1628249882.9030263
1628249882.9093359
1628249882.9162946
1628249882.9223247
1628249882.9292142
1628249882.9368987
1628249882.9428053
1628249882.9503934
1628249882.9565325
1628249882.9638793
1628249882.9722755
1628249882.9768312
1628249882.9842181
1628249882.991724
1628249882.998849
1628249883.0041764
1628249883.0109925
1628249883.0170634
1628249883.0265832
1628249883.030939
1628249883.0401213
1628249883.0443556
1628249883.0512347
1628249883.0653481
1628249883.072172
1628249883.0790284
1628249883.086407
1628249883.0922058
1628249883.1001468
1628249883.106188
1628249883.1130993
1628249883.1204033
1628249883.1309452
1628249883.1368039
1628249883.1404786
1628249883.1478064
1628249883.153713
1628249883.1614366
1628249883.1678388
1628249883.1745265
1628249883.1813524
1628249883.1898122
1628249883.1948895
1628249883.2017825
1628249883.2087953
1628249883.2147896
1628249883.2223446
1628249883.228756
1628249883.2356477
1628249883.2425733
1628249883.2494357
1628249883.261681
1628249883.2629774
1628249883.2748804
1628249883.2767284
1628249883.289692
1628249883.297134
1628249883.3031268
1628249883.309869
1628249883.3169274
1628249883.3231354
1628249883.3320968
1628249883.3434699
1628249883.3520188
1628249883.3575003
1628249883.3640325
1628249883.371045
1628249883.3771536
1628249883.3840122
1628249883.3905914
1628249883.3980215
1628249883.4049234
1628249883.410527
1628249883.417896
1628249883.4282308
1628249883.4314358
1628249883.444494
1628249883.4515615
1628249883.4629748
1628249883.4638023
1628249883.4708536
1628249883.477642
1628249883.4850023
1628249883.4908154
1628249883.4980247
1628249883.504757
1628249883.511126
1628249883.520692
1628249883.5241816
1628249883.531248
1628249883.5382092
1628249883.5440445
1628249883.5509667
1628249883.557768
1628249883.5646174
1628249883.5722945
1628249883.577804
1628249883.5853662
1628249883.5920005
1628249883.5981374
1628249883.6050649
1628249883.6119614
1628249883.6178799
1628249883.6247163
1628249883.6316347
1628249883.6399846
1628249883.644529
1628249883.6518402
1628249883.6586325
1628249883.6658578
1628249883.671641
1628249883.6791224
1628249883.6852665
1628249883.6918764
1628249883.7007935
1628249883.7060244
1628249883.7117705
1628249883.7209806
1628249883.7282295
1628249883.7366092
1628249883.7396202
1628249883.745566
1628249883.752559
1628249883.7593575
1628249883.7670174
1628249883.7724683
1628249883.779371
1628249883.7921667
1628249883.7931597
1628249883.7992313
1628249883.8063996
1628249883.8135326
1628249883.8205428
1628249883.8276157
1628249883.8332214
1628249883.8462718
1628249883.8531175
1628249883.8684502
1628249883.8731704
1628249883.879965
1628249883.8868134
1628249883.8935006
1628249883.9031682
1628249883.9066076
1628249883.9136834
1628249883.9265795
1628249883.9401128
1628249883.9478164
1628249883.953803
1628249883.9607732
1628249883.9736176
1628249883.9805214
1628249883.9904008
1628249883.9944818
1628249884.0045915
1628249884.007734
1628249884.0150487
1628249884.021835
1628249884.0420675
1628249884.0478337
1628249884.057855
1628249884.06452
1628249884.068307
1628249884.0750136
1628249884.08193
1628249884.0895503
1628249884.0956552
1628249884.1042395
1628249884.1085365
1628249884.116123
1628249884.1266775
1628249884.1293104
1628249884.1360216
1628249884.1424
1628249884.1504877
1628249884.1561918
1628249884.1620328
1628249884.1691058
1628249884.176004
1628249884.1861088
1628249884.1892483
1628249884.2031064
1628249884.2098694
1628249884.215861
1628249884.2229304
1628249884.2298794
1628249884.236807
1628249884.2427766
1628249884.2566047
1628249884.2639046
1628249884.2708473
1628249884.27832
1628249884.2884884
1628249884.289789
1628249884.3006108
1628249884.3039389
1628249884.3107014
1628249884.3202205
1628249884.3236897
1628249884.3313992
1628249884.3389616
1628249884.3439453
1628249884.3548563
1628249884.357767
1628249884.3635986
1628249884.3706431
1628249884.3778737
1628249884.3855326
1628249884.3909109
1628249884.4029272
1628249884.4041774
1628249884.4111085
1628249884.4201853
1628249884.4239683
1628249884.436268
1628249884.4378471
1628249884.443894
1628249884.4531507
1628249884.4584382
1628249884.4652543
1628249884.471105
1628249884.4779906
1628249884.4913476
1628249884.4913554
1628249884.500298
1628249884.5083249
1628249884.5119002
1628249884.5203004
1628249884.5374348
1628249884.5374398
1628249884.5436008
1628249884.5454206
1628249884.5518095
1628249884.558546
1628249884.5660207
1628249884.5725255
1628249884.5785153
1628249884.5855036
1628249884.5988247
1628249884.5988295
1628249884.6082604
1628249884.6115413
1628249884.6184585
1628249884.6275568
1628249884.6316204
1628249884.638519
1628249884.6449285
1628249884.6540399
1628249884.6575906
1628249884.664104
1628249884.6711442
1628249884.6789596
1628249884.6847222
1628249884.6940076
1628249884.698556
1628249884.7041383
1628249884.710503
1628249884.7175314
1628249884.726466
1628249884.7306335
1628249884.7379477
1628249884.7443993
1628249884.7512877
1628249884.7576663
1628249884.764011
1628249884.77104
1628249884.776906
1628249884.7854238
1628249884.7938266
1628249884.8041747
1628249884.8041928
1628249884.8102531
1628249884.8187938
1628249884.8281562
1628249884.8317108
1628249884.8377655
1628249884.8441515
1628249884.8498685
1628249884.8587708
1628249884.865706
1628249884.8703737
1628249884.8761892
1628249884.8855498
1628249884.892191
1628249884.8967497
1628249884.902977
1628249884.9098706
1628249884.9155521
1628249884.924576
1628249884.9380398
1628249884.9425218
1628249884.95122
1628249884.9553878
1628249884.9628346
1628249884.9696333
1628249884.9756913
1628249884.982538
1628249884.9891467
1628249884.995919
1628249885.0021434
1628249885.0089586
1628249885.0185215
1628249885.021677
1628249885.0285506
1628249885.0354478
1628249885.042438
1628249885.0482938
1628249885.056552
1628249885.061387
1628249885.0684526
1628249885.0753803
1628249885.0822518
1628249885.0921807
1628249885.09542
1628249885.104745
1628249885.115552
1628249885.1235332
1628249885.1284502
1628249885.1362271
1628249885.1430116
1628249885.1487567
1628249885.1545107
1628249885.1611924
1628249885.1744869
1628249885.1813183
1628249885.1888723
1628249885.195675
1628249885.2011142
1628249885.2080503
1628249885.2153866
1628249885.2211056
1628249885.2283008
1628249885.238254
1628249885.2435508
1628249885.2476666
1628249885.2545528
1628249885.2606146
1628249885.2706757
1628249885.2742543
1628249885.2844076
1628249885.2871
1628249885.294363
1628249885.3042758
1628249885.3068936
1628249885.3137968
1628249885.3240108
1628249885.33645
1628249885.340178
1628249885.3477585
1628249885.354524
1628249885.3604295
1628249885.3678718
1628249885.3728442
1628249885.3797033
1628249885.3868613
1628249885.3941388
1628249885.4069507
1628249885.4069574
1628249885.4136305
1628249885.4195087
1628249885.4281962
1628249885.4430485
1628249885.4430578
1628249885.4462795
1628249885.4561605
1628249885.4643579
1628249885.4659865
1628249885.4726374
1628249885.479648
1628249885.4864259
1628249885.4934645
1628249885.4996383
1628249885.5086167
1628249885.5124774
1628249885.5203671
1628249885.5272832
1628249885.540151
1628249885.548872
1628249885.5521457
1628249885.5591137
1628249885.572123
1628249885.5780694
1628249885.585081
1628249885.5936892
1628249885.598409
1628249885.6117623
1628249885.6180878
1628249885.629801
1628249885.6324654
1628249885.637931
1628249885.643886
1628249885.6511605
1628249885.658561
1628249885.66516
1628249885.672133
1628249885.677784
1628249885.6836472
1628249885.6911278
1628249885.7017527
1628249885.7039828
1628249885.7107267
1628249885.7166245
1628249885.7252038
1628249885.7297108
1628249885.7375762
1628249885.743451
1628249885.7536361
1628249885.756859
1628249885.762848
1628249885.7719383
1628249885.7765155
1628249885.7829797
1628249885.7898378
1628249885.7972813
1628249885.8041463
1628249885.8096673
1628249885.8163805
1628249885.822079
1628249885.8334038
1628249885.8376338
1628249885.842172
1628249885.8484633
1628249885.8559678
1628249885.8716848
1628249885.8748088
1628249885.883459
1628249885.8883865
1628249885.8955517
1628249885.9020913
1628249885.9078581
1628249885.915129
1628249885.923073
1628249885.9283738
1628249885.9349349
1628249885.9419541
1628249885.94755
1628249885.9537013
1628249885.9605436
1628249885.9677978
1628249885.9737108
1628249885.9810076
1628249885.9921818
1628249885.9952545
1628249886.0007942
1628249886.007168
1628249886.01378
1628249886.0203788
1628249886.0282137
1628249886.0346746
1628249886.04018
1628249886.047631
1628249886.0530841
1628249886.061178
1628249886.0720496
1628249886.073592
1628249886.0800114
1628249886.0858107
1628249886.0929275
1628249886.1082397
1628249886.112322
1628249886.1312175
1628249886.1362753
1628249886.1393354
1628249886.145482
1628249886.1524122
1628249886.159709
1628249886.1686773
1628249886.172329
1628249886.1786432
1628249886.1859405
1628249886.1916556
1628249886.1991673
1628249886.206614
1628249886.2117894
1628249886.218936
1628249886.2257557
1628249886.2326343
1628249886.243339
1628249886.2453175
1628249886.2551997
1628249886.263171
1628249886.2685945
1628249886.271515
1628249886.278725
1628249886.2852945
1628249886.2910576
1628249886.2989278
1628249886.3048234
1628249886.3112576
1628249886.318279
1628249886.3380172
1628249886.3450267
1628249886.3518066
1628249886.3601031
1628249886.3641481
1628249886.3712196
1628249886.3782475
1628249886.3844743
1628249886.3975172
1628249886.3984017
1628249886.4053037
1628249886.4106855
1628249886.4175365
1628249886.424528
1628249886.4341745
1628249886.437767
1628249886.4444919
1628249886.4505901
1628249886.4639902
1628249886.4708576
1628249886.4766777
1628249886.4837153
1628249886.491259
1628249886.497138
1628249886.508222
1628249886.510871
1628249886.5169082
1628249886.523943
1628249886.5329099
1628249886.538095
1628249886.544691
1628249886.5516818
1628249886.5576098
1628249886.5639563
1628249886.5719323
1628249886.5773187
1628249886.5849936
1628249886.5910203
1628249886.598266
1628249886.6040792
1628249886.609768
1628249886.6211605
1628249886.6239865
1628249886.633271
1628249886.637636
1628249886.643936
1628249886.6504653
1628249886.6602187
1628249886.6655324
1628249886.6708236
1628249886.680563
1628249886.6862664
1628249886.6924767
1628249886.6977997
1628249886.7034369
1628249886.7107973
1628249886.7167482
1628249886.72755
1628249886.731556
1628249886.7367713
1628249886.7433627
1628249886.7497456
1628249886.7571228
1628249886.7626848
1628249886.7721648
1628249886.777193
1628249886.783008
1628249886.7894835
1628249886.8043945
1628249886.8055449
1628249886.809894
1628249886.8165767
1628249886.8232245
1628249886.8320005
1628249886.8366199
1628249886.8422704
1628249886.8491561
1628249886.8565197
1628249886.8638484
1628249886.8756852
1628249886.884409
1628249886.889305
1628249886.89523
1628249886.9052389
1628249886.909226
1628249886.9167895
1628249886.9235532
1628249886.9293084
1628249886.9361997
1628249886.943316
1628249886.9505749
1628249886.9550977
1628249886.9618783
1628249886.9722097
1628249886.975301
1628249886.9825046
1628249886.9898665
1628249886.9975789
1628249887.0036485
1628249887.008643
1628249887.0169132
1628249887.021826
1628249887.0324826
1628249887.035648
1628249887.041509
1628249887.0486186
1628249887.0593002
1628249887.0705762
1628249887.0706508
1628249887.0747564
1628249887.0840812
1628249887.0906742
1628249887.094707
1628249887.1028605
1628249887.1075284
1628249887.1144254
1628249887.1297026
1628249887.136207
1628249887.141709
1628249887.1488397
1628249887.1549919
1628249887.1618028
1628249887.172684
1628249887.175097
1628249887.1818967
1628249887.1877322
1628249887.1957119
1628249887.2020988
1628249887.208308
1628249887.2164915
1628249887.2207842
1628249887.234697
1628249887.2413986
1628249887.247771
1628249887.2568104
1628249887.2608554
1628249887.268144
1628249887.273803
1628249887.284414
1628249887.2878335
1628249887.2956464
1628249887.3073502
1628249887.313998
1628249887.3219917
1628249887.3290958
1628249887.336038
1628249887.3409476
1628249887.3495102
1628249887.3540645
1628249887.3628592
1628249887.3669603
1628249887.3774424
1628249887.3806164
1628249887.3864884
1628249887.3934634
1628249887.4004116
1628249887.4072852
1628249887.4137006
1628249887.4205005
1628249887.4271486
1628249887.438926
1628249887.439971
1628249887.4483094
1628249887.453996
1628249887.4622526
1628249887.4664395
1628249887.4723544
1628249887.479989
1628249887.4868293
1628249887.4931965
1628249887.498673
1628249887.508324
1628249887.5126462
1628249887.5201533
1628249887.5257823
1628249887.5338068
1628249887.5388796
1628249887.545828
1628249887.553571
1628249887.5663073
1628249887.5732956
1628249887.5794406
1628249887.585251
1628249887.5938125
1628249887.598688
1628249887.6056712
1628249887.6124475
1628249887.6209428
1628249887.6251862
1628249887.632379
1628249887.6390128
1628249887.6447637
1628249887.65168
1628249887.6605473
1628249887.6652272
1628249887.672076
1628249887.678109
1628249887.692871
1628249887.6983202
1628249887.7110357
1628249887.7181687
1628249887.7250922
1628249887.7323475
1628249887.7389357
1628249887.7445955
1628249887.751454
1628249887.7583835
1628249887.7656446
1628249887.7739537
1628249887.7772992
1628249887.7846036
1628249887.7922263
1628249887.7985802
1628249887.8108356
1628249887.8176086
1628249887.8241138
1628249887.8332362
1628249887.8377318
1628249887.8437386
1628249887.8509786
1628249887.8575
1628249887.8642154
1628249887.8735158
1628249887.876898
1628249887.8828123
1628249887.8897803
1628249887.897228
1628249887.905289
1628249887.9094956
1628249887.9174452
1628249887.9227695
1628249887.93088
1628249887.9369028
1628249887.942792
1628249887.952498
1628249887.9569802
1628249887.9643726
1628249887.9697294
1628249887.9768033
1628249887.983402
1628249888.0003023
1628249888.0029836
1628249888.0097516
1628249888.017673
1628249888.030294
1628249888.030298
1628249888.0355406
1628249888.042634
1628249888.049714
1628249888.0624182
1628249888.069401
1628249888.075949
1628249888.0838892
1628249888.0885112
1628249888.0963154
1628249888.102164
1628249888.1091926
1628249888.1149187
1628249888.122663
1628249888.1287491
1628249888.1358914
1628249888.1418993
1628249888.1496358
1628249888.156497
1628249888.1619008
1628249888.1686707
1628249888.175324
1628249888.1813495
1628249888.1882126
1628249888.1963806
1628249888.2008123
1628249888.2075708
1628249888.2152643
1628249888.2209797
1628249888.2276597
1628249888.2349198
1628249888.2408564
1628249888.2482822
1628249888.2535741
1628249888.2604935
1628249888.2673514
1628249888.2741368
1628249888.2802036
1628249888.2869427
1628249888.2951243
1628249888.30263
1628249888.3067062
1628249888.3134375
1628249888.3219872
1628249888.32817
1628249888.3353832
1628249888.3395767
1628249888.3468556
1628249888.353544
1628249888.3624089
1628249888.3677955
1628249888.373545
1628249888.3794386
1628249888.386395
1628249888.3933713
1628249888.4016576
1628249888.4060624
1628249888.4128857
1628249888.419037
1628249888.425947
1628249888.433025
1628249888.440674
1628249888.445737
1628249888.45298
1628249888.460704
1628249888.4663105
1628249888.4727676
1628249888.4802718
1628249888.4855638
1628249888.4925082
1628249888.4995
1628249888.5059838
1628249888.5235515
1628249888.5269985
1628249888.5324728
1628249888.5388744
1628249888.545772
1628249888.551707
1628249888.558775
1628249888.5658014
1628249888.5717514
1628249888.578227
1628249888.5852344
1628249888.5918906
1628249888.6001353
1628249888.6041775
1628249888.611006
1628249888.6180477
1628249888.6249135
1628249888.6322157
1628249888.640759
1628249888.6439211
1628249888.6521811
1628249888.6602073
1628249888.6649303
1628249888.671087
1628249888.6769102
1628249888.6838155
1628249888.6910644
1628249888.697163
1628249888.70416
1628249888.7098556
1628249888.7172937
1628249888.7239418
1628249888.7298791
1628249888.7371316
1628249888.7432013
1628249888.7501588
1628249888.7604024
1628249888.7676568
1628249888.7697728
1628249888.7759697
1628249888.783711
1628249888.7907002
1628249888.7959654
1628249888.8021512
1628249888.809188
1628249888.816251
1628249888.8226776
1628249888.8317008
1628249888.8390586
1628249888.8419826
1628249888.8485487
1628249888.8551416
1628249888.8617265
1628249888.8721905
1628249888.8744931
1628249888.8832328
1628249888.891479
1628249888.896196
1628249888.901945
1628249888.908184
1628249888.9148092
1628249888.921845
1628249888.9282436
1628249888.9358833
1628249888.9414475
1628249888.9479604
1628249888.9562001
1628249888.9603996
1628249888.9668338
1628249888.9738138
1628249888.9807642
1628249888.9868455
1628249888.9935844
1628249888.9997172
1628249889.0068364
1628249889.0146759
1628249889.024258
1628249889.0269206
1628249889.0326118
1628249889.039958
1628249889.047062
1628249889.0527678
1628249889.0603945
1628249889.06874
1628249889.0731714
1628249889.078926
1628249889.0859563
1628249889.0928538
1628249889.098469
1628249889.1053548
1628249889.1122315
1628249889.1204593
1628249889.1273422
1628249889.131731
1628249889.1384878
1628249889.1454375
1628249889.1521273
1628249889.157629
1628249889.1658745
1628249889.17143
1628249889.1782339
1628249889.192352
1628249889.1939845
1628249889.200291
1628249889.2039135
1628249889.2108665
1628249889.2179945
1628249889.2236898
1628249889.2335734
1628249889.2385979
1628249889.24361
1628249889.2511854
1628249889.2636192
1628249889.270848
1628249889.2773113
1628249889.2835524
1628249889.2901435
1628249889.2993329
1628249889.3048701
1628249889.3105445
1628249889.3182008
1628249889.3237228
1628249889.3320024
1628249889.3363378
1628249889.3426688
1628249889.349526
1628249889.3565571
1628249889.36614
1628249889.3723524
1628249889.3754792
1628249889.3822985
1628249889.3921154
1628249889.395641
1628249889.4027345
1628249889.4085877
1628249889.4165967
1628249889.4226222
1628249889.4282815
1628249889.4348962
1628249889.4421928
1628249889.447994
1628249889.4573011
1628249889.4618113
1628249889.4677403
1628249889.474361
1628249889.481375
1628249889.487776
1628249889.4945862
1628249889.5065453
1628249889.5083015
1628249889.513576
1628249889.5282633
1628249889.5352163
1628249889.5408392
1628249889.5481284
1628249889.5535233
1628249889.5605848
1628249889.5681255
1628249889.5804756
1628249889.5873132
1628249889.5951371
1628249889.6003673
1628249889.60616
1628249889.6153443
1628249889.619248
1628249889.6266453
1628249889.6334379
1628249889.6401973
1628249889.6459932
1628249889.6528435
1628249889.6643212
1628249889.6654868
1628249889.6723158
1628249889.6791961
1628249889.6865277
1628249889.692437
1628249889.7011847
1628249889.7054372
1628249889.7120607
1628249889.7277236
1628249889.732141
1628249889.7392066
1628249889.7450857
1628249889.7520072
1628249889.7614937
1628249889.7657514
1628249889.7715354
1628249889.7789207
1628249889.7862682
1628249889.7921984
1628249889.8010619
1628249889.8046417
1628249889.8144162
1628249889.819483
1628249889.8253005
1628249889.8390174
1628249889.844414
1628249889.851527
1628249889.8617957
1628249889.8650012
1628249889.8708153
1628249889.8801744
1628249889.8851595
1628249889.891045
1628249889.8985746
1628249889.9113243
1628249889.9206667
1628249889.92605
1628249889.9312758
1628249889.937756
1628249889.9439886
1628249889.9512658
1628249889.9573832
1628249889.9633691
1628249889.9723284
1628249889.97732
1628249889.983904
1628249889.9921715
1628249890.0005844
1628249890.0035145
1628249890.0109756
1628249890.0174227
1628249890.0227895
1628249890.031446
1628249890.041168
1628249890.0431154
1628249890.0499637
1628249890.0623488
1628249890.062389
1628249890.0694788
1628249890.0770366
1628249890.0833356
1628249890.0912886
1628249890.0959132
1628249890.1067562
1628249890.1090732
1628249890.1160443
1628249890.1242526
1628249890.1287858
1628249890.139758
1628249890.147522
1628249890.1486166
1628249890.1555643
1628249890.1624045
1628249890.175538
1628249890.183097
1628249890.188667
1628249890.1955564
1628249890.2015896
1628249890.208306
1628249890.2153227
1628249890.221901
1628249890.2277188
1628249890.234743
1628249890.2470334
1628249890.2481472
1628249890.2537208
1628249890.260584
1628249890.2718916
1628249890.2734654
1628249890.28269
1628249890.2868235
1628249890.292866
1628249890.3072658
1628249890.3072782
1628249890.311857
1628249890.3203504
1628249890.3258548
1628249890.3375702
1628249890.34376
1628249890.3481667
1628249890.3561528
1628249890.3601756
1628249890.364998
1628249890.3721414
1628249890.3804507
1628249890.3846142
1628249890.3922925
1628249890.398595
1628249890.4044163
1628249890.41219
1628249890.4181447
1628249890.4250317
1628249890.4317746
1628249890.4408908
1628249890.4445748
1628249890.4508386
1628249890.4619045
1628249890.4643056
1628249890.4709194
1628249890.477716
1628249890.4853432
1628249890.4919193
1628249890.5001748
1628249890.5046916
1628249890.5115776
1628249890.5177813
1628249890.5250714
1628249890.5326376
1628249890.5377166
1628249890.5471828
1628249890.5523574
1628249890.5590465
1628249890.5644658
1628249890.5721095
1628249890.5781748
1628249890.5852556
1628249890.5917144
1628249890.5987315
1628249890.605906
1628249890.6125126
1628249890.6203678
1628249890.6254218
1628249890.6388433
1628249890.6458776
1628249890.655095
1628249890.6663492
1628249890.6722894
1628249890.679189
1628249890.6861978
1628249890.6931708
1628249890.7001836
1628249890.7059321
1628249890.7134016
1628249890.7204347
1628249890.726122
1628249890.7399032
1628249890.747502
1628249890.75292
1628249890.7597487
1628249890.7667015
1628249890.7735667
1628249890.780253
1628249890.7869468
1628249890.7936456
1628249890.8006694
1628249890.8063698
1628249890.8133953
1628249890.819879
1628249890.8268685
1628249890.8365195
1628249890.840741
1628249890.8474736
1628249890.8536637
1628249890.8607664
1628249890.867606
1628249890.8734272
1628249890.8802376
1628249890.8913774
1628249890.8937187
1628249890.9002404
1628249890.9075077
1628249890.9138265
1628249890.9268773
1628249890.9369607
1628249890.9407272
1628249890.9522707
1628249890.9533062
1628249890.9609766
1628249890.9698277
1628249890.9734085
1628249890.980434
1628249890.9922278
1628249890.99632
1628249891.0017958
1628249891.0068088
1628249891.0151486
1628249891.020457
1628249891.0274105
1628249891.034393
1628249891.0527663
1628249891.0561478
1628249891.061964
1628249891.0739481
1628249891.0814774
1628249891.088445
1628249891.0948083
1628249891.101731
1628249891.108488
1628249891.1145647
1628249891.1229234
1628249891.1284363
1628249891.1352556
1628249891.1422544
1628249891.149223
1628249891.1561584
1628249891.1625402
1628249891.175073
1628249891.1825333
1628249891.1882908
1628249891.1967945
1628249891.2020075
1628249891.2089167
1628249891.2150183
1628249891.2217088
1628249891.2286103
1628249891.2364414
1628249891.2419264
1628249891.2563152
1628249891.2626402
1628249891.2694046
1628249891.2751834
1628249891.2826688
1628249891.289435
1628249891.296096
1628249891.3049002
1628249891.30958
1628249891.315385
1628249891.3225641
1628249891.3376715
1628249891.3427668
1628249891.3492892
1628249891.3623688
1628249891.3697073
1628249891.3755608
1628249891.384306
1628249891.389518
1628249891.3966763
1628249891.4029772
1628249891.4100049
1628249891.4188461
1628249891.4248285
1628249891.4295633
1628249891.4376903
1628249891.4431663
1628249891.450019
1628249891.4628415
1628249891.4631498
1628249891.4695535
1628249891.4771092
1628249891.4835632
1628249891.4905734
1628249891.4962301
1628249891.5032933
1628249891.5101743
1628249891.521146
1628249891.5237825
1628249891.5322127
1628249891.543151
1628249891.5436795
1628249891.5507116
1628249891.5636055
1628249891.5699255
1628249891.5772705
1628249891.584195
1628249891.5930917
1628249891.602662
1628249891.6036475
1628249891.6103332
1628249891.6175528
1628249891.6238012
1628249891.630617
1628249891.6443202
1628249891.6502306
1628249891.6636345
1628249891.6706524
1628249891.677381
1628249891.6843212
1628249891.6899405
1628249891.696973
1628249891.70415
1628249891.7106771
1628249891.7205815
1628249891.7245517
1628249891.7316995
1628249891.7376952
1628249891.7472937
1628249891.751445
1628249891.7571943
1628249891.7642512
1628249891.7720973
1628249891.7772567
1628249891.785796
1628249891.7961624
1628249891.8017704
1628249891.804728
1628249891.811587
1628249891.8175912
1628249891.8249974
1628249891.8317082
1628249891.8374062
1628249891.8444953
1628249891.8524828
1628249891.8616405
1628249891.8688052
1628249891.8715065
1628249891.8830535
1628249891.8852
1628249891.8921165
1628249891.8988082
1628249891.905473
1628249891.9113286
1628249891.921658
1628249891.9251328
1628249891.932428
1628249891.9390523
1628249891.9463055
1628249891.9603372
1628249891.960343
1628249891.9671924
1628249891.9722626
1628249891.9792604
1628249891.9881945
1628249891.9924223
1628249892.0005078
1628249892.0052388
1628249892.0121243
1628249892.0193908
1628249892.0256672
1628249892.0325522
1628249892.0402353
1628249892.0462391
1628249892.0585444
1628249892.0667875
1628249892.0730197
1628249892.0798476
1628249892.0877883
1628249892.0933666
1628249892.101592
1628249892.1061754
1628249892.113078
1628249892.1197562
1628249892.125943
1628249892.1346648
1628249892.1394978
1628249892.1480043
1628249892.153706
1628249892.159976
1628249892.1716268
1628249892.1726005
1628249892.179542
1628249892.190909
1628249892.193609
1628249892.2001371
1628249892.2070336
1628249892.2128837
1628249892.220607
1628249892.2264519
1628249892.2349699
1628249892.239848
1628249892.2461476
1628249892.2531688
1628249892.2620897
1628249892.2693202
1628249892.2728138
1628249892.279789
1628249892.286677
1628249892.2935908
1628249892.3042686
1628249892.3066833
1628249892.3135219
1628249892.3197112
1628249892.327162
1628249892.3336458
1628249892.3399777
1628249892.3484843
1628249892.3561912
1628249892.360302
1628249892.3667061
1628249892.3735263
1628249892.38047
1628249892.3870196
1628249892.39712
1628249892.400473
1628249892.4074895
1628249892.4150653
1628249892.4270322
1628249892.4468558
1628249892.4537337
1628249892.4604743
1628249892.4671068
1628249892.4742477
1628249892.4816725
1628249892.4882708
1628249892.4962714
1628249892.5008898
1628249892.507813
1628249892.5136144
1628249892.5209973
1628249892.5275552
1628249892.5366888
1628249892.5409296
1628249892.549278
1628249892.55722
1628249892.56231
1628249892.5678
1628249892.5746133
1628249892.5804036
1628249892.5909574
1628249892.5948648
1628249892.6011906
1628249892.6076355
1628249892.6153078
1628249892.624021
1628249892.6273074
1628249892.633956
1628249892.6412117
1628249892.6481078
1628249892.6541383
1628249892.6679254
1628249892.6753128
1628249892.6813035
1628249892.6882436
1628249892.695852
1628249892.70193
1628249892.7081473
1628249892.714625
1628249892.7239988
1628249892.7346108
1628249892.734623
1628249892.7415454
1628249892.7480762
1628249892.7548501
1628249892.762275
1628249892.7754083
1628249892.782437
1628249892.8079438
1628249892.8079617
1628249892.8079789
1628249892.8095155
1628249892.8161373
1628249892.8225775
1628249892.8285599
1628249892.8353686
1628249892.8421717
1628249892.848893
1628249892.8577154
1628249892.8632603
1628249892.8694267
1628249892.8760676
1628249892.8828828
1628249892.890794
1628249892.8979824
1628249892.9021742
1628249892.908989
1628249892.9161696
1628249892.9270768
1628249892.9326744
1628249892.9369533
1628249892.9424772
1628249892.9491148
1628249892.956177
1628249892.9628458
1628249892.968998
1628249892.9760466
1628249892.982888
1628249892.9914901
1628249892.996345
1628249893.0029364
1628249893.0097947
1628249893.0161664
1628249893.0241284
1628249893.0297859
1628249893.0356107
1628249893.042265
1628249893.0498786
1628249893.0604887
1628249893.062328
1628249893.0692651
1628249893.0768182
1628249893.084105
1628249893.088956
1628249893.1005824
1628249893.1026208
1628249893.1094532
1628249893.1168623
1628249893.1243863
1628249893.1321268
1628249893.1369016
1628249893.1428368
1628249893.1509047
1628249893.1567256
1628249893.164091
1628249893.1697326
1628249893.1771758
1628249893.1850748
1628249893.1948702
1628249893.1966615
1628249893.2029006
1628249893.2100203
1628249893.2168484
1628249893.2238157
1628249893.230788
1628249893.236569
1628249893.243512
1628249893.2502875
1628249893.2624898
1628249893.266721
1628249893.2709167
1628249893.2773697
1628249893.2842536
1628249893.290233
1628249893.2982523
1628249893.3041239
1628249893.310948
1628249893.320589
1628249893.324096
1628249893.331336
1628249893.3381753
1628249893.3440175
1628249893.3510044
1628249893.35781
1628249893.3687809
1628249893.3713832
1628249893.3782973
1628249893.3852713
1628249893.3918128
1628249893.399368
1628249893.4042263
1628249893.4115257
1628249893.4184532
1628249893.4243846
1628249893.4317453
1628249893.4401653
1628249893.4447708
1628249893.4519095
1628249893.4602444
1628249893.468805
1628249893.4722147
1628249893.4784636
1628249893.485322
1628249893.492204
1628249893.4992568
1628249893.5051978
1628249893.5120025
1628249893.5206304
1628249893.527169
1628249893.5331132
1628249893.5441334
1628249893.5456393
1628249893.5525358
1628249893.56014
1628249893.5666094
1628249893.5733235
1628249893.580149
1628249893.587162
1628249893.5943677
1628249893.6021771
1628249893.6069484
1628249893.6139128
1628249893.6234326
1628249893.626991
1628249893.6363087
1628249893.6407444
1628249893.6478057
1628249893.6550174
1628249893.6687279
1628249893.6688018
1628249893.6742299
1628249893.6811218
1628249893.6875055
1628249893.6948225
1628249893.7010179
1628249893.7077322
1628249893.7146404
1628249893.722264
1628249893.7280955
1628249893.7358234
1628249893.7441416
1628249893.7485878
1628249893.7561653
1628249893.761306
1628249893.7683792
1628249893.775238
1628249893.7825506
1628249893.7931042
1628249893.7961438
1628249893.802559
1628249893.8078158
1628249893.8148868
1628249893.8218887
1628249893.8308384
1628249893.835587
1628249893.8423283
1628249893.8484204
1628249893.8603842
1628249893.8673213
1628249893.8701046
1628249893.8757355
1628249893.8827803
1628249893.8886418
1628249893.8957589
1628249893.9028225
1628249893.9085834
1628249893.9155438
1628249893.9244792
1628249893.93217
1628249893.940432
1628249893.945025
1628249893.9487004
1628249893.9594042
1628249893.9625742
1628249893.9706142
1628249893.975675
1628249893.9823244
1628249893.9934208
1628249893.9981546
1628249894.0021076
1628249894.0108457
1628249894.0174625
1628249894.0225415
1628249894.0312138
1628249894.03531
1628249894.042722
1628249894.0492253
1628249894.064841
1628249894.0710433
1628249894.075775
1628249894.0826917
1628249894.0921614
1628249894.095467
1628249894.102328
1628249894.1090808
1628249894.1158354
1628249894.1228936
1628249894.13229
1628249894.1351562
1628249894.1422176
1628249894.1489856
1628249894.155913
1628249894.1633043
1628249894.1697235
1628249894.175483
1628249894.1822932
1628249894.1921093
1628249894.195887
1628249894.202158
1628249894.2090583
1628249894.217435
1628249894.222183
1628249894.229011
1628249894.23621
1628249894.2427483
1628249894.2503486
1628249894.2587183
1628249894.2626314
1628249894.27604
1628249894.280255
1628249894.2824852
1628249894.2892573
1628249894.296904
1628249894.3030307
1628249894.309725
1628249894.3168464
1628249894.3225198
1628249894.3321674
1628249894.335846
1628249894.3430674
1628249894.350869
1628249894.3567202
1628249894.3641813
1628249894.3695498
1628249894.376475
1628249894.3834171
1628249894.3925467
1628249894.3969712
1628249894.4032934
1628249894.4101284
1628249894.4168127
1628249894.4238582
1628249894.4297383
1628249894.4368474
1628249894.4433498
1628249894.4502695
1628249894.457709
1628249894.4683053
1628249894.4706645
1628249894.4766192
1628249894.483937
1628249894.49113
1628249894.49759
1628249894.5034938
1628249894.5102375
1628249894.517527
1628249894.5241232
1628249894.5302851
1628249894.537826
1628249894.543885
1628249894.5541909
1628249894.5579844
1628249894.5654838
1628249894.5719044
1628249894.5772471
1628249894.5843456
1628249894.59426
1628249894.59795
1628249894.6050017
1628249894.612052
1628249894.6182394
1628249894.6248453
1628249894.631822
1628249894.6388652
1628249894.6453362
1628249894.6517088
1628249894.6631694
1628249894.6658635
1628249894.6716895
1628249894.6830482
1628249894.6915846
1628249894.7028878
1628249894.705911
1628249894.7125154
1628249894.7202148
1628249894.7258606
1628249894.7321568
1628249894.739046
1628249894.7481298
1628249894.7603164
1628249894.7665286
1628249894.7724218
1628249894.7792196
1628249894.7885652
1628249894.8034165
1628249894.8034759
1628249894.8065846
1628249894.8134913
1628249894.8207276
1628249894.8257117
1628249894.8356128
1628249894.8398352
1628249894.8465307
1628249894.8524387
1628249894.860336
1628249894.8685036
1628249894.8759787
1628249894.8792906
1628249894.8887181
1628249894.8933606
1628249894.9003284
1628249894.9069624
1628249894.9138749
1628249894.9196658
1628249894.9301102
1628249894.9337373
1628249894.940265
1628249894.9486485
1628249894.9528413
1628249894.9602182
1628249894.9669533
1628249894.9732969
1628249894.9800339
1628249894.9869678
1628249894.993588
1628249895.0009077
1628249895.0067134
1628249895.0136805
1628249895.0206704
1628249895.03222
1628249895.039035
1628249895.0410757
1628249895.0468943
1628249895.055882
1628249895.07152
1628249895.0715432
1628249895.0746486
1628249895.0876646
1628249895.094725
1628249895.103138
1628249895.1077228
1628249895.1148474
1628249895.1285005
1628249895.1351306
1628249895.1423123
1628249895.1483924
1628249895.1555521
1628249895.164293
1628249895.175104
1628249895.181896
1628249895.1891928
1628249895.1976204
1628249895.2041652
1628249895.2094226
1628249895.2157753
1628249895.2234354
1628249895.2330525
1628249895.2361283
1628249895.2418032
1628249895.2489564
1628249895.257272
1628249895.2708726
1628249895.2758334
1628249895.2840858
1628249895.2901957
1628249895.297354
1628249895.3036642
1628249895.309385
1628249895.3172255
1628249895.324158
1628249895.3317661
1628249895.3362682
1628249895.3463538
1628249895.3498495
1628249895.356445
1628249895.3629544
1628249895.3699653
1628249895.3767757
1628249895.3836262
1628249895.3951006
1628249895.3981793
1628249895.4027767
1628249895.409539
1628249895.4205585
1628249895.4228053
1628249895.429785
1628249895.4362612
1628249895.4429226
1628249895.4496913
1628249895.4568627
1628249895.4694784
1628249895.4819548
1628249895.4910247
1628249895.491029
1628249895.497362
1628249895.503417
1628249895.5103927
1628249895.5164785
1628249895.5231235
1628249895.5340357
1628249895.5361817
1628249895.5433726
