1628249877.2047327
1628249877.3049345
1628249877.4051728
1628249877.5053227
1628249877.6055334
1628249877.7057061
1628249877.8059015
1628249877.9061155
1628249878.0063038
1628249878.1065
1628249878.2066853
1628249878.306874
1628249878.4071171
1628249878.507276
1628249878.6074839
1628249878.7080936
1628249878.8078542
1628249878.9080532
1628249879.0082679
1628249879.1084619
1628249879.2086618
1628249879.308864
1628249879.409062
1628249879.5092225
1628249879.6094158
1628249879.7096107
1628249879.809814
1628249879.9100142
1628249880.0102084
1628249880.1104035
1628249880.2105815
1628249880.3107862
1628249880.4109755
1628249880.5111666
1628249880.6113997
1628249880.71159
1628249880.8117754
1628249880.9119506
1628249881.0121474
1628249881.112353
1628249881.2125564
1628249881.3127291
1628249881.4129739
1628249881.513132
1628249881.6133392
1628249881.7135386
1628249881.8141856
1628249881.9139175
1628249882.0140963
1628249882.1143432
1628249882.214715
1628249882.3147163
1628249882.414958
1628249882.5150895
1628249882.6152873
1628249882.7155442
1628249882.8156552
1628249882.9158626
1628249883.0162675
1628249883.1175146
1628249883.2165236
1628249883.3166664
1628249883.4168603
1628249883.5170555
1628249883.6172242
1628249883.7174165
1628249883.8176875
1628249883.918202
1628249884.017995
1628249884.1201065
1628249884.2183945
1628249884.3202047
1628249884.4187872
1628249884.5217524
1628249884.6191678
1628249884.7238045
1628249884.8195581
1628249884.919761
1628249885.0201087
1628249885.1230497
1628249885.2203398
1628249885.320941
1628249885.4209723
1628249885.523283
1628249885.6211615
1628249885.7215192
1628249885.8215265
1628249885.9217062
1628249886.0219393
1628249886.122107
1628249886.2223208
1628249886.3224897
1628249886.4227087
1628249886.5228844
1628249886.6230736
1628249886.7234952
1628249886.8234544
1628249886.9236712
1628249887.023857
1628249887.1241713
1628249887.224241
1628249887.3246026
1628249887.4255395
1628249887.5248647
1628249887.6250348
1628249887.72524
1628249887.825429
1628249887.925684
1628249888.0258393
1628249888.1260028
1628249888.226243
1628249888.3264554
1628249888.42684
1628249888.5268009
1628249888.626981
1628249888.7272031
1628249888.8275208
1628249888.92762
1628249889.0278037
1628249889.1279483
1628249889.2281394
1628249889.328339
1628249889.4285274
1628249889.528743
1628249889.6289268
1628249889.7291565
1628249889.8293138
1628249889.9295344
1628249890.029707
1628249890.129898
1628249890.230095
1628249890.3304455
1628249890.430674
1628249890.530673
1628249890.6308799
1628249890.7310872
1628249890.8312747
1628249890.931491
1628249891.0316672
1628249891.131888
1628249891.2320557
1628249891.332262
1628249891.4324412
1628249891.5326488
1628249891.6328273
1628249891.733018
1628249891.8332224
1628249891.934174
1628249892.0337245
1628249892.1338992
1628249892.2343278
1628249892.3343093
1628249892.4343858
1628249892.5370278
1628249892.6350188
1628249892.7349782
1628249892.8353326
1628249892.9353628
1628249893.0355692
1628249893.1358733
1628249893.2362766
1628249893.3362288
1628249893.4363332
1628249893.536528
1628249893.6367402
1628249893.7369342
1628249893.837111
1628249893.9373121
1628249894.0375109
1628249894.1377168
1628249894.2379131
1628249894.3381195
1628249894.4382896
1628249894.538484
1628249894.6386695
1628249894.7390456
1628249894.8390949
1628249894.9392698
1628249895.0394573
1628249895.1396656
1628249895.2398632
1628249895.3400798
1628249895.4402397
1628249895.5404484
1628249895.6406221
1628249895.7408185
1628249895.8410208
1628249895.941227
1628249896.0414069
1628249896.1415994
1628249896.2418537
1628249896.3420086
1628249896.4421825
1628249896.542398
1628249896.6426172
1628249896.7427673
1628249896.8429875
1628249896.943155
1628249897.0433621
1628249897.1435518
1628249897.243747
1628249897.3439462
1628249897.4441707
1628249897.5443335
1628249897.6445456
1628249897.7447367
1628249897.8449326
1628249897.9451284
1628249898.0453224
1628249898.1455193
1628249898.2456985
1628249898.3459098
1628249898.4460847
1628249898.5471425
1628249898.646575
1628249898.7466717
1628249898.846881
1628249898.9470778
1628249899.0473
1628249899.1474566
1628249899.247821
1628249899.347881
1628249899.4480495
1628249899.5482497
1628249899.6485238
1628249899.748632
1628249899.8488438
1628249899.9490223
1628249900.0493155
1628249900.149413
1628249900.249598
1628249900.3497913
1628249900.450006
1628249900.5502458
1628249900.650393
1628249900.7507038
1628249900.850767
1628249900.9509635
1628249901.051172
1628249901.1513522
1628249901.2515752
1628249901.3517604
1628249901.451939
1628249901.5521657
1628249901.652326
1628249901.7525282
1628249901.8527174
1628249901.952911
1628249902.053119
1628249902.1533127
1628249902.2535179
1628249902.3537016
1628249902.454072
1628249902.5541186
1628249902.6543655
1628249902.7544744
1628249902.8546925
1628249902.954885
1628249903.055081
1628249903.1552544
1628249903.2556229
1628249903.3560462
1628249903.4558644
1628249903.5560498
1628249903.6564631
1628249903.7565374
1628249903.856626
1628249903.9568348
1628249904.0570436
1628249904.1573668
1628249904.257556
1628249904.3576155
1628249904.4578505
1628249904.5580027
1628249904.659728
1628249904.7610378
1628249904.8588781
1628249904.9596481
1628249905.0601182
1628249905.1591651
1628249905.2593524
1628249905.3595464
1628249905.4597561
1628249905.5610938
1628249905.6601644
1628249905.7603416
1628249905.8605847
1628249905.960713
1628249906.0609145
1628249906.1611054
1628249906.2613847
1628249906.361539
1628249906.4617205
1628249906.5624666
1628249906.6621308
1628249906.762289
1628249906.862585
1628249906.965012
1628249907.0628614
1628249907.1630569
1628249907.263256
1628249907.36345
1628249907.46367
1628249907.5638561
1628249907.6640337
1628249907.7642527
1628249907.864433
1628249907.964625
1628249908.0648336
1628249908.1650167
1628249908.265223
1628249908.36545
1628249908.4655976
1628249908.5657942
1628249908.6660342
1628249908.7662034
1628249908.8665035
1628249908.9665713
1628249909.0667634
1628249909.166984
1628249909.2672782
1628249909.3673704
1628249909.4677615
1628249909.5678644
1628249909.6679387
1628249909.7681417
1628249909.8683388
1628249909.968528
1628249910.0721574
1628249910.1689157
1628249910.269114
1628249910.3693218
1628249910.4723868
1628249910.5696864
1628249910.6698859
1628249910.7701013
1628249910.8702877
1628249910.9705684
1628249911.0706673
1628249911.1708674
1628249911.2714162
1628249911.3712583
1628249911.4714603
1628249911.5716488
1628249911.6718407
1628249911.7720456
1628249911.8722293
1628249911.9724202
1628249912.072618
1628249912.1728344
1628249912.273016
1628249912.3732224
1628249912.47341
1628249912.5736227
1628249912.6738381
1628249912.7739863
1628249912.8741906
1628249912.9743946
1628249913.0745916
1628249913.174771
1628249913.2749786
1628249913.3751907
1628249913.4753604
1628249913.5756001
1628249913.675742
1628249913.7759497
1628249913.8761313
1628249913.9763794
1628249914.0765553
1628249914.1767173
1628249914.2769318
1628249914.3771045
1628249914.4773154
1628249914.5788035
1628249914.6777625
1628249914.777903
1628249914.878975
1628249914.978354
1628249915.0784698
1628249915.1786652
1628249915.2788572
1628249915.379075
1628249915.479897
1628249915.5794659
1628249915.679648
1628249915.7812572
1628249915.8800445
1628249915.98035
1628249916.0805206
1628249916.1807368
1628249916.2808084
1628249916.3810215
1628249916.4811978
1628249916.5814004
1628249916.6816254
1628249916.7818022
1628249916.8820405
1628249916.982191
1628249917.0824318
1628249917.1826057
1628249917.2827656
1628249917.3829799
1628249917.4831553
1628249917.5834646
1628249917.6836545
1628249917.7837641
1628249917.8839457
1628249917.9842877
1628249918.0844615
1628249918.1845279
1628249918.284719
1628249918.3849256
1628249918.4853659
1628249918.5853033
1628249918.6859758
1628249918.7857056
1628249918.8858957
1628249918.9860837
1628249919.0862856
1628249919.186614
1628249919.2868853
1628249919.3869152
1628249919.4870713
1628249919.5875244
1628249919.6874447
1628249919.7877192
1628249919.8878818
1628249919.9880602
1628249920.0903866
1628249920.1885962
1628249920.288685
1628249920.3888304
1628249920.4896226
1628249920.5892065
1628249920.6894052
1628249920.7896
1628249920.889792
1628249920.989997
1628249921.0901785
1628249921.1904001
1628249921.290586
1628249921.3907747
1628249921.4909644
1628249921.5911694
1628249921.6913452
1628249921.7967205
1628249921.891757
1628249921.9922218
1628249922.092128
1628249922.1923308
1628249922.292533
1628249922.392767
1628249922.492943
1628249922.593114
1628249922.6934206
1628249922.793499
1628249922.893735
1628249922.993894
1628249923.0941787
1628249923.1943214
1628249923.2944913
1628249923.3946745
1628249923.494874
1628249923.5950775
1628249923.695272
1628249923.795445
1628249923.895852
1628249923.9978087
1628249924.0960364
1628249924.1962261
1628249924.2964349
1628249924.396624
1628249924.496822
1628249924.5971005
1628249924.6972508
1628249924.797411
1628249924.8976126
1628249924.9999504
1628249925.0980039
1628249925.1989098
1628249925.2984385
1628249925.3986804
1628249925.4987783
1628249925.59898
1628249925.6991806
1628249925.8010087
1628249925.8995543
1628249925.9998894
1628249926.0999408
1628249926.2003903
1628249926.3003218
1628249926.4005208
1628249926.5007408
1628249926.6009083
1628249926.701118
1628249926.801328
1628249926.9015026
1628249927.001695
1628249927.1018825
1628249927.202123
1628249927.3022735
1628249927.4034815
1628249927.5026882
1628249927.602857
1628249927.7030845
1628249927.8032916
1628249927.903455
1628249928.0036438
1628249928.1038468
1628249928.2040894
1628249928.3042397
1628249928.4044414
1628249928.5046153
1628249928.6061068
1628249928.7050219
1628249928.8052068
1628249928.9054155
1628249929.0055952
1628249929.1058078
1628249929.2062685
1628249929.3061748
1628249929.4063735
1628249929.5065866
1628249929.6067638
1628249929.706992
1628249929.8071523
1628249929.9073806
1628249930.007554
1628249930.1077318
1628249930.207942
1628249930.3081284
1628249930.408321
1628249930.508523
1628249930.6087234
1628249930.7091112
1628249930.8091269
1628249930.9092944
1628249931.0095036
1628249931.1096895
1628249931.2099388
1628249931.3100812
1628249931.410325
1628249931.510477
1628249931.610661
1628249931.7108831
1628249931.8110592
1628249931.9112473
1628249932.0114655
1628249932.1116521
1628249932.2118375
1628249932.3120308
1628249932.4122376
1628249932.512531
1628249932.6126611
1628249932.71285
1628249932.8130147
1628249932.9132872
1628249933.0147545
1628249933.1135888
1628249933.2137942
1628249933.313989
1628249933.4142776
1628249933.5143971
1628249933.614635
1628249933.7147722
1628249933.8150105
1628249933.9153118
1628249934.0153608
1628249934.11754
1628249934.2157738
1628249934.3159354
1628249934.4161382
1628249934.5163603
1628249934.6165376
1628249934.716762
1628249934.820105
1628249934.9171562
1628249935.0173707
1628249935.1175027
1628249935.220581
1628249935.3178973
1628249935.418859
1628249935.518305
1628249935.6184804
1628249935.718714
1628249935.820126
1628249935.9190717
1628249936.019259
1628249936.1194654
1628249936.2196422
1628249936.3198376
1628249936.4200253
1628249936.5202355
1628249936.6204302
1628249936.7206159
1628249936.8208413
1628249936.9210052
1628249937.0212035
1628249937.1213984
1628249937.2216177
1628249937.321794
1628249937.4220054
1628249937.5221858
1628249937.6224275
1628249937.722567
1628249937.8227596
1628249937.9229777
1628249938.023149
1628249938.1233673
1628249938.2235448
1628249938.323751
1628249938.42393
1628249938.5241437
1628249938.6244187
1628249938.7245607
1628249938.8247342
1628249938.9249327
1628249939.0251732
1628249939.1256847
1628249939.2255156
1628249939.3257883
1628249939.4259531
1628249939.5260787
1628249939.6263027
1628249939.7264948
1628249939.8266773
1628249939.9268749
1628249940.0270562
1628249940.1272573
1628249940.2274685
1628249940.3276567
1628249940.427886
1628249940.5280356
1628249940.628224
1628249940.7284434
1628249940.8286257
1628249940.9288182
1628249941.0290318
1628249941.1292155
1628249941.2294042
1628249941.3296165
1628249941.4300942
1628249941.5299861
1628249941.63092
1628249941.73037
1628249941.8305907
1628249941.9307618
1628249942.03096
1628249942.1311598
1628249942.231351
1628249942.3315437
1628249942.431838
1628249942.5319407
1628249942.6321309
1628249942.7326803
1628249942.832521
1628249942.9335167
1628249943.032936
1628249943.1331105
1628249943.2333014
1628249943.3335853
1628249943.4337
1628249943.5342908
1628249943.634121
1628249943.7344089
1628249943.8344753
1628249943.9346724
1628249944.0348592
1628249944.135058
1628249944.2352495
1628249944.3355167
1628249944.4356854
1628249944.5364025
1628249944.6360307
1628249944.73801
1628249944.8364205
1628249944.9366941
1628249945.0368228
1628249945.1370068
1628249945.237205
1628249945.339369
1628249945.4376118
1628249945.5377874
1628249945.637995
1628249945.738175
1628249945.8383784
1628249945.9385738
1628249946.038776
1628249946.138976
1628249946.239151
1628249946.3393593
1628249946.439558
1628249946.5401258
1628249946.6399655
1628249946.74028
1628249946.8403337
1628249946.940557
1628249947.0407348
1628249947.140911
1628249947.24113
1628249947.3413105
1628249947.441492
1628249947.5416963
1628249947.6419587
1628249947.742082
1628249947.8422832
1628249947.9424834
1628249948.0426717
1628249948.1430352
1628249948.2430868
1628249948.3434906
1628249948.4434736
1628249948.543641
1628249948.6438699
1628249948.7442346
1628249948.844239
1628249948.9444337
1628249949.0446184
1628249949.1448162
1628249949.2450137
1628249949.3455255
1628249949.4454055
1628249949.5456061
1628249949.6458178
1628249949.7459893
1628249949.846211
1628249949.9463778
1628249950.0465667
1628249950.1480265
1628249950.2470305
1628249950.3471909
1628249950.4473596
1628249950.5476065
1628249950.6477723
1628249950.7480686
1628249950.8482728
1628249950.9483304
1628249951.0487134
1628249951.148872
1628249951.2489321
1628249951.3491445
1628249951.4493568
1628249951.549497
1628249951.6496968
1628249951.749947
1628249951.850082
1628249951.9502754
1628249952.0504818
1628249952.1506758
1628249952.2508593
1628249952.3510756
1628249952.4512603
1628249952.5514836
1628249952.6516929
1628249952.751837
1628249952.8520525
1628249952.9522438
1628249953.0531821
1628249953.1526365
1628249953.2528136
1628249953.3530025
1628249953.4533308
1628249953.5534124
1628249953.6536546
1628249953.7539015
1628249953.8541832
1628249953.9544854
1628249954.0543895
1628249954.1545658
1628249954.2551343
1628249954.3549695
1628249954.4551563
1628249954.5553718
1628249954.655558
1628249954.7557583
1628249954.8559492
1628249954.9561455
1628249955.0565417
1628249955.1565204
1628249955.2567515
1628249955.356917
1628249955.4571393
1628249955.5573077
1628249955.6575131
1628249955.757694
1628249955.8578944
1628249955.9580977
1628249956.0582843
1628249956.1584992
1628249956.2586787
1628249956.3588715
1628249956.459099
1628249956.5592504
1628249956.6594598
1628249956.7596402
1628249956.8598382
1628249956.960042
1628249957.0602732
1628249957.1604364
1628249957.2606537
1628249957.360822
1628249957.461008
1628249957.5612202
1628249957.6614108
1628249957.7616234
1628249957.8618164
1628249957.9620347
1628249958.0621908
1628249958.1623983
1628249958.2626
1628249958.3627663
1628249958.4629736
1628249958.563167
1628249958.663378
1628249958.7635455
1628249958.8637695
1628249958.9639697
1628249959.0641446
1628249959.1643257
1628249959.2653627
1628249959.3647158
1628249959.464966
1628249959.5651183
1628249959.6653228
1628249959.765511
1628249959.8660498
1628249959.9666429
1628249960.0660875
1628249960.1663365
1628249960.266475
1628249960.3666806
1628249960.4681122
1628249960.5670762
1628249960.6672716
1628249960.767447
1628249960.8676553
1628249960.967929
1628249961.068053
1628249961.1682281
1628249961.2685208
1628249961.368915
1628249961.4688418
1628249961.569023
1628249961.6692138
1628249961.7694502
1628249961.869598
1628249961.9699192
1628249962.070067
1628249962.1701818
1628249962.2703876
1628249962.3706236
1628249962.4707713
1628249962.5709977
1628249962.6711762
1628249962.7713642
1628249962.8715777
1628249962.9717512
1628249963.073853
1628249963.172181
1628249963.27233
1628249963.3725595
1628249963.4727387
1628249963.57294
1628249963.6732082
1628249963.7733254
1628249963.8735185
1628249963.9737303
1628249964.0738862
1628249964.1741903
1628249964.2743022
1628249964.3745193
1628249964.4760866
1628249964.574884
1628249964.6750574
1628249964.775259
1628249964.8754556
1628249964.9756806
1628249965.075921
1628249965.1760373
1628249965.2762556
1628249965.3764372
1628249965.4766583
1628249965.5768528
1628249965.6770124
1628249965.7772079
1628249965.877427
1628249965.9783292
1628249966.077793
1628249966.17802
1628249966.2782106
1628249966.378385
1628249966.478568
1628249966.578789
1628249966.6789737
1628249966.7791553
1628249966.879382
1628249966.9795647
1628249967.0798469
1628249967.180173
1628249967.2801454
1628249967.3805542
1628249967.480534
1628249967.5807257
1628249967.681087
1628249967.781314
1628249967.8813655
1628249967.9815125
1628249968.0817652
1628249968.1819756
1628249968.2820878
1628249968.3823078
1628249968.4824739
1628249968.582672
1628249968.682866
1628249968.783083
1628249968.8832626
1628249968.9834495
1628249969.0836468
1628249969.183848
1628249969.28405
1628249969.384323
1628249969.484434
1628249969.5846353
1628249969.6848178
1628249969.7851214
1628249969.8852334
1628249969.9854603
1628249970.085607
1628249970.1857953
1628249970.2860963
1628249970.3861961
1628249970.486415
1628249970.5865836
1628249970.6867688
1628249970.7869668
1628249970.8871708
1628249970.9873996
1628249971.087551
1628249971.1877463
1628249971.2879572
1628249971.3883562
1628249971.488329
1628249971.5889225
1628249971.6887312
1628249971.7889152
1628249971.8891394
1628249971.99016
1628249972.08951
1628249972.1896932
1628249972.289892
1628249972.3901248
1628249972.49141
1628249972.590496
1628249972.6906862
1628249972.7910829
1628249972.8910646
1628249972.9913151
1628249973.0914717
1628249973.1916502
1628249973.2919009
1628249973.392273
1628249973.4922428
1628249973.5924315
1628249973.6926355
1628249973.7928658
1628249973.8932147
1628249973.9932227
1628249974.0934014
1628249974.1936316
1628249974.293795
1628249974.3939896
1628249974.4941888
1628249974.594416
1628249974.6945744
1628249974.7947936
1628249974.8949924
1628249974.995161
1628249975.0961113
1628249975.1955538
1628249975.2958198
1628249975.3959432
1628249975.4964166
1628249975.596333
1628249975.6965463
1628249975.796732
1628249975.8969247
1628249975.9971313
1628249976.0973582
1628249976.1978946
1628249976.2977095
1628249976.3979106
1628249976.4981108
1628249976.5989325
1628249976.6984801
1628249976.800098
1628249976.8989086
1628249976.9990664
1628249977.0992713
1628249977.199454
1628249977.2996614
1628249977.3998442
1628249977.5000477
1628249977.600233
1628249977.7004316
1628249977.800734
1628249977.9008217
1628249978.0012116
1628249978.1012106
1628249978.2014322
1628249978.301602
1628249978.4019046
1628249978.501998
1628249978.6022046
1628249978.7023835
1628249978.8041527
1628249978.9033232
1628249979.0030684
1628249979.103242
1628249979.2055693
1628249979.3035784
1628249979.4037929
1628249979.503947
1628249979.6046796
1628249979.7043374
1628249979.8045263
1628249979.9047234
1628249980.00494
1628249980.1057749
1628249980.205332
1628249980.3055425
1628249980.406767
1628249980.5059643
1628249980.6061022
1628249980.7062979
1628249980.807117
1628249980.9066868
1628249981.0068696
1628249981.1070647
1628249981.2072635
1628249981.3074768
1628249981.407659
1628249981.507863
1628249981.6080422
1628249981.7082558
1628249981.8084645
1628249981.908652
1628249982.008823
1628249982.1090188
1628249982.209241
1628249982.3094385
1628249982.4096093
1628249982.5098047
1628249982.610014
1628249982.710203
1628249982.8103886
1628249982.9105825
1628249983.0107808
1628249983.1110702
1628249983.211222
1628249983.3113618
1628249983.4115772
1628249983.5117626
1628249983.611967
1628249983.7121549
1628249983.8123403
1628249983.9125345
1628249984.0127563
1628249984.11441
1628249984.2131493
1628249984.3133183
1628249984.4135675
1628249984.5169125
1628249984.61398
1628249984.7141027
1628249984.814294
1628249984.9174013
1628249985.0147223
1628249985.1148818
1628249985.2150736
1628249985.3152618
1628249985.4156077
1628249985.5156627
1628249985.615865
1628249985.7160535
1628249985.8165722
1628249985.9164598
1628249986.016636
1628249986.116931
1628249986.2170203
1628249986.318581
1628249986.4174294
1628249986.5177653
1628249986.6178958
1628249986.7180123
1628249986.821284
1628249986.9212327
1628249987.0201197
1628249987.12013
1628249987.2189724
1628249987.31917
1628249987.4195752
1628249987.5196579
1628249987.6197739
1628249987.7201977
1628249987.8202863
1628249987.9203486
1628249988.020553
1628249988.1207445
1628249988.22094
1628249988.3213153
1628249988.4213119
1628249988.5215218
1628249988.6220236
1628249988.7237852
1628249988.822095
1628249988.9222956
1628249989.022748
1628249989.1232452
1628249989.2228875
1628249989.323071
1628249989.4232693
1628249989.5235589
1628249989.6236658
1628249989.723861
1628249989.8240962
1628249989.9242516
1628249990.0244374
1628249990.1246512
1628249990.2248309
1628249990.3251467
1628249990.425217
1628249990.5255432
1628249990.625609
1628249990.7258115
1628249990.8260243
1628249990.9262083
1628249991.026389
1628249991.126588
1628249991.2267995
1628249991.3269725
1628249991.4271803
1628249991.5273652
1628249991.627571
1628249991.7277617
1628249991.827999
1628249991.9282854
1628249992.028338
1628249992.1285443
1628249992.228788
1628249992.3290548
1628249992.4291396
1628249992.5293217
1628249992.6295505
1628249992.7297084
1628249992.8299313
1628249992.9301205
1628249993.0303302
1628249993.1304994
1628249993.2307148
1628249993.3309183
1628249993.431112
1628249993.53127
1628249993.6315207
1628249993.7316678
1628249993.8319163
1628249993.932046
1628249994.0322647
1628249994.1324577
1628249994.2328494
1628249994.3328364
1628249994.4330254
1628249994.5332837
1628249994.6335733
1628249994.733624
1628249994.8338084
1628249994.934192
1628249995.0347424
1628249995.1350503
1628249995.2346358
1628249995.3352149
1628249995.4351602
1628249995.5352511
1628249995.6353793
1628249995.735569
1628249995.8358183
1628249995.9360147
1628249996.0361648
1628249996.1366396
1628249996.236559
1628249996.336741
1628249996.4369617
1628249996.5371246
1628249996.6373289
1628249996.7375746
1628249996.8377304
1628249996.9379206
1628249997.0381489
1628249997.138339
1628249997.2385144
1628249997.3387146
1628249997.4389133
1628249997.539101
1628249997.6395454
1628249997.739518
1628249997.8397343
1628249997.9398777
1628249998.0400534
1628249998.1402516
1628249998.2404408
1628249998.3406339
1628249998.4408822
1628249998.541055
1628249998.641245
1628249998.7414281
1628249998.8416448
1628249998.941814
1628249999.042038
1628249999.1422148
1628249999.2424097
1628249999.3425918
1628249999.4427829
1628249999.5429947
1628249999.6431985
1628249999.7433994
1628249999.8435667
1628249999.9437692
1628250000.04396
1628250000.1441615
1628250000.2448792
1628250000.346367
1628250000.444739
1628250000.5449495
1628250000.645511
1628250000.7453322
1628250000.8455324
1628250000.9457216
1628250001.046021
1628250001.1462548
1628250001.246346
1628250001.3465104
1628250001.4466946
1628250001.5469127
1628250001.6470907
1628250001.7473989
1628250001.8475142
1628250001.9476833
1628250002.0478694
1628250002.1488757
1628250002.2483444
1628250002.3521225
1628250002.4486413
1628250002.5490441
1628250002.64906
1628250002.7494802
1628250002.8494248
1628250002.9496236
1628250003.0498118
1628250003.150024
1628250003.250213
1628250003.3521051
1628250003.4506087
1628250003.5508103
1628250003.6509938
1628250003.7520976
1628250003.8513746
1628250003.9535613
1628250004.0525737
1628250004.152021
1628250004.2523015
1628250004.352352
1628250004.4525862
1628250004.5527396
1628250004.6537173
1628250004.7544901
1628250004.8533497
1628250004.9542255
1628250005.054857
1628250005.1561267
1628250005.254141
1628250005.3543024
1628250005.4544954
1628250005.5546994
1628250005.6550097
1628250005.7562375
1628250005.8570528
1628250005.955471
1628250006.05589
1628250006.1558623
1628250006.256673
1628250006.356278
1628250006.4568052
1628250006.556644
1628250006.6568549
1628250006.757032
1628250006.8572776
1628250006.9574537
1628250007.0576224
1628250007.1578193
1628250007.2580202
1628250007.3582845
1628250007.4584088
1628250007.558599
1628250007.658823
1628250007.758988
1628250007.8592036
1628250007.959403
1628250008.0595798
1628250008.1597943
1628250008.2600074
1628250008.3601801
1628250008.4603865
1628250008.5605445
1628250008.6607723
1628250008.7609391
1628250008.8611822
1628250008.9613414
1628250009.061546
1628250009.1617591
1628250009.2619126
1628250009.3621216
1628250009.462336
1628250009.5625317
1628250009.6627111
1628250009.7630315
1628250009.8632016
1628250009.9632812
1628250010.063489
1628250010.1636734
1628250010.263875
1628250010.3640609
1628250010.4642696
1628250010.5644479
1628250010.664673
1628250010.7648492
1628250010.8650887
1628250010.965254
1628250011.0655453
1628250011.1660063
1628250011.2658184
1628250011.3660321
1628250011.4662163
1628250011.5664887
1628250011.6666188
1628250011.767153
1628250011.867098
1628250011.9682527
1628250012.067449
1628250012.1676016
1628250012.2677727
1628250012.3679643
1628250012.4681678
1628250012.5683632
1628250012.668563
1628250012.7687554
1628250012.8689485
1628250012.9691427
1628250013.06936
1628250013.1695313
1628250013.2697382
1628250013.3699389
1628250013.4701433
1628250013.5703259
1628250013.6705103
1628250013.7707546
1628250013.8709168
1628250013.9710846
1628250014.0713212
1628250014.1714869
1628250014.2717092
1628250014.3718696
1628250014.4720902
1628250014.5722656
1628250014.672462
1628250014.7726817
1628250014.872858
1628250014.974174
1628250015.0732613
1628250015.173439
1628250015.273687
1628250015.3739638
1628250015.4740758
1628250015.5742173
1628250015.6744065
1628250015.7747533
1628250015.8748102
1628250015.9750004
1628250016.075201
1628250016.1753955
1628250016.2756028
1628250016.3759127
1628250016.4759965
1628250016.5762682
1628250016.6763575
1628250016.7765617
1628250016.8767934
1628250016.9772215
1628250017.077152
1628250017.1783059
1628250017.2775407
1628250017.3791444
1628250017.477922
1628250017.5785127
1628250017.6783338
1628250017.7785077
1628250017.8787124
1628250017.9789681
1628250018.0791206
1628250018.179294
1628250018.2794857
1628250018.3797684
1628250018.4798708
1628250018.5800796
1628250018.6802812
1628250018.780505
1628250018.880671
1628250018.9808643
1628250019.0810633
1628250019.1812587
1628250019.2814422
1628250019.381977
1628250019.4819133
1628250019.582192
1628250019.6824276
1628250019.782411
1628250019.8826098
1628250019.9828205
1628250020.083003
1628250020.183308
1628250020.2834024
1628250020.3835816
1628250020.4837809
1628250020.5869792
1628250020.6841698
1628250020.7843728
1628250020.8845656
1628250020.984774
1628250021.0849676
1628250021.1851907
1628250021.285365
1628250021.3855388
1628250021.4857364
1628250021.585928
1628250021.6861236
1628250021.786451
1628250021.8865404
1628250021.986711
1628250022.0869567
1628250022.1871018
1628250022.2876086
1628250022.3874912
1628250022.4877405
1628250022.5879068
1628250022.6883323
1628250022.7882767
1628250022.8884642
1628250022.9886968
1628250023.0888605
1628250023.190915
1628250023.2892644
1628250023.3939242
1628250023.4896393
1628250023.5899162
1628250023.6900332
1628250023.7902203
1628250023.890439
1628250023.9906378
1628250024.090846
1628250024.1918445
1628250024.2912006
1628250024.3914146
1628250024.4915981
1628250024.591783
1628250024.692519
1628250024.7921798
1628250024.8923817
1628250024.9926002
1628250025.0927682
1628250025.192978
1628250025.2931502
1628250025.3933716
1628250025.4935439
1628250025.5937505
1628250025.6940336
1628250025.7941263
1628250025.8946385
1628250025.9945245
1628250026.094724
1628250026.1949394
1628250026.2951639
1628250026.3952994
1628250026.4954967
1628250026.59577
1628250026.695907
1628250026.7960758
1628250026.8962848
1628250026.9982395
1628250027.0966759
1628250027.196858
1628250027.2970514
1628250027.3972535
1628250027.497498
1628250027.597653
1628250027.6978302
1628250027.7980251
1628250027.8984637
1628250027.998426
1628250028.0986218
1628250028.198852
1628250028.2990077
1628250028.3992019
1628250028.4993992
1628250028.59988
1628250028.6997828
1628250028.7999825
1628250028.9002
1628250029.0003748
1628250029.100574
1628250029.2009778
1628250029.3009853
1628250029.4013643
1628250029.5013485
1628250029.6015496
1628250029.7017403
1628250029.8019922
1628250029.902176
1628250030.0024276
1628250030.102539
1628250030.202722
1628250030.3030443
1628250030.403139
1628250030.5032997
1628250030.603537
1628250030.703751
1628250030.8038821
1628250030.904097
1628250031.0042806
1628250031.1081033
1628250031.2046704
1628250031.3054118
1628250031.4050584
1628250031.5052662
1628250031.605478
1628250031.7056427
1628250031.8058503
1628250031.9060311
1628250032.0062401
1628250032.1082273
1628250032.2066443
1628250032.306815
1628250032.4070098
1628250032.5072272
1628250032.6073985
1628250032.7075992
1628250032.807795
1628250032.9079814
1628250033.0081983
1628250033.1083999
1628250033.2085714
1628250033.3087835
1628250033.4089699
1628250033.5091786
1628250033.6094036
1628250033.7095737
1628250033.809752
1628250033.9105
1628250034.0101523
1628250034.1103418
1628250034.2105398
1628250034.3107662
1628250034.410965
1628250034.5111356
1628250034.6113565
1628250034.7118583
1628250034.8116915
1628250034.9119048
1628250035.0121176
1628250035.1122797
1628250035.2124958
1628250035.3126986
1628250035.413044
1628250035.5130637
1628250035.6132562
1628250035.7134542
1628250035.8136506
1628250035.9138432
1628250036.0140824
1628250036.114299
1628250036.2148306
1628250036.314806
1628250036.414832
1628250036.5150387
1628250036.6152992
1628250036.7154305
1628250036.8156023
1628250036.9158182
1628250037.0160117
1628250037.1162643
1628250037.2164001
1628250037.3165917
1628250037.4167824
1628250037.5169663
1628250037.6171727
1628250037.7173586
1628250037.8175611
1628250037.917799
1628250038.0179577
1628250038.11815
1628250038.2183433
1628250038.3185356
1628250038.4187396
1628250038.5189853
1628250038.619131
1628250038.7193098
1628250038.8195167
1628250038.919715
1628250039.019909
1628250039.1200914
1628250039.2212086
1628250039.3204885
1628250039.4206781
1628250039.520876
1628250039.6210847
1628250039.7212603
1628250039.8214612
1628250039.9216537
1628250040.0218472
1628250040.1220477
1628250040.2222667
1628250040.3224573
1628250040.4244156
1628250040.5228477
1628250040.623023
1628250040.7232122
1628250040.8244822
1628250040.9236236
1628250041.0238183
1628250041.1239958
1628250041.2245002
1628250041.3243961
1628250041.4248178
1628250041.5247738
1628250041.625036
1628250041.725161
1628250041.8253572
1628250041.9255614
1628250042.0257754
1628250042.1259823
1628250042.226164
1628250042.3263388
1628250042.4265876
1628250042.526754
1628250042.6269338
1628250042.7271552
1628250042.8273554
1628250042.9275217
1628250043.0277076
1628250043.127904
1628250043.228169
1628250043.3282976
1628250043.4285607
1628250043.5286765
1628250043.6289022
1628250043.7290697
1628250043.829277
1628250043.9294634
1628250044.0299666
1628250044.1298618
1628250044.230057
1628250044.3302739
1628250044.4304564
1628250044.5306382
1628250044.6308367
1628250044.731071
1628250044.8312306
1628250044.9314122
1628250045.0316682
1628250045.1318023
1628250045.2320027
1628250045.332402
1628250045.432412
1628250045.5325975
1628250045.6327944
1628250045.7329779
1628250045.83539
1628250045.9333735
1628250046.0335686
1628250046.1337764
1628250046.234285
1628250046.3341484
1628250046.4343438
1628250046.5347013
1628250046.6357007
1628250046.7350101
1628250046.836699
1628250046.9353309
1628250047.035519
1628250047.1357098
1628250047.2359128
1628250047.3361135
1628250047.43719
1628250047.5365033
1628250047.636689
1628250047.7369053
1628250047.8382502
1628250047.9372773
1628250048.0374715
1628250048.137672
1628250048.237855
1628250048.338065
1628250048.4382527
1628250048.5384579
1628250048.6386333
1628250048.738852
1628250048.8390753
1628250048.9392715
1628250049.0394802
1628250049.1396227
1628250049.2398086
1628250049.340024
1628250049.4401999
1628250049.540429
1628250049.6405861
1628250049.7407827
1628250049.8409936
1628250049.9411778
1628250050.041388
1628250050.1415663
1628250050.2417724
1628250050.3420024
1628250050.4421487
1628250050.5423632
1628250050.6425729
1628250050.7427566
1628250050.8429441
1628250050.9431417
1628250051.0433211
1628250051.1435254
1628250051.2437186
1628250051.3439064
1628250051.444113
1628250051.5443072
1628250051.6444962
1628250051.7447042
1628250051.8449087
1628250051.9451156
1628250052.0453124
1628250052.145494
1628250052.2457066
1628250052.34587
1628250052.446059
1628250052.5462484
1628250052.6464467
1628250052.7466516
1628250052.8468351
1628250052.9470506
1628250053.0472624
1628250053.1474202
1628250053.2480974
1628250053.3478408
1628250053.448019
1628250053.5482006
1628250053.6484132
1628250053.7486057
1628250053.8488138
1628250053.9490066
1628250054.0491927
1628250054.1493912
1628250054.2496762
1628250054.3497999
1628250054.4499707
1628250054.5501838
1628250054.6503482
1628250054.750559
1628250054.8507366
1628250054.950947
1628250055.0515516
1628250055.1514187
1628250055.2515256
1628250055.351718
1628250055.4519174
1628250055.5521092
1628250055.652342
1628250055.7524981
1628250055.8530045
1628250055.9529152
1628250056.05507
1628250056.1534035
1628250056.2536306
1628250056.3536704
1628250056.4561234
1628250056.5540776
1628250056.654326
1628250056.7544615
1628250056.8546543
1628250056.9548402
1628250057.0550663
1628250057.1552434
1628250057.255623
1628250057.3556294
1628250057.4558644
1628250057.5560312
1628250057.656633
1628250057.758081
1628250057.8566184
1628250057.956831
1628250058.0570416
1628250058.1572018
1628250058.2586298
1628250058.3575764
1628250058.4577816
1628250058.5579972
1628250058.6582234
1628250058.7583542
1628250058.858557
1628250058.958743
1628250059.058939
1628250059.1593206
1628250059.259585
1628250059.3596036
1628250059.4597378
1628250059.5600133
1628250059.6602793
1628250059.7603097
1628250059.8621612
1628250059.960703
1628250060.0609515
1628250060.1610894
1628250060.261288
1628250060.361496
1628250060.4622502
1628250060.561908
1628250060.6625454
1628250060.7622688
1628250060.862516
1628250060.9628558
1628250061.0629478
1628250061.1630976
1628250061.2633374
1628250061.3635113
1628250061.463633
1628250061.5639758
1628250061.6643264
1628250061.768077
1628250061.8644319
1628250061.9649067
1628250062.0648026
1628250062.1650372
1628250062.2654858
1628250062.365395
1628250062.4659758
1628250062.5662909
1628250062.6674018
1628250062.768159
1628250062.8664389
1628250062.9667397
1628250063.0667865
1628250063.1669698
1628250063.2671576
1628250063.3674989
1628250063.467545
1628250063.568037
1628250063.6679444
1628250063.7681255
1628250063.8683238
1628250063.9685385
1628250064.0687096
1628250064.1689396
1628250064.2695851
1628250064.369289
1628250064.4695573
1628250064.5701194
1628250064.6699495
1628250064.77008
1628250064.8702803
1628250064.970474
1628250065.0707228
1628250065.1708481
1628250065.2710457
1628250065.3712535
1628250065.471436
1628250065.5716386
1628250065.6718593
1628250065.7720718
1628250065.8722458
1628250065.9724536
1628250066.07274
1628250066.1728082
1628250066.2730007
1628250066.3732176
1628250066.473404
1628250066.5735836
1628250066.67378
1628250066.774303
1628250066.874205
1628250066.9744954
1628250067.0745606
1628250067.1747684
1628250067.2749517
1628250067.375576
1628250067.4753406
1628250067.5755491
1628250067.675828
1628250067.7759366
1628250067.876215
1628250067.9766088
1628250068.0765204
1628250068.176714
1628250068.2769465
1628250068.3771105
1628250068.4772966
1628250068.5775642
1628250068.6777048
1628250068.7778966
1628250068.878099
1628250068.978321
1628250069.078467
1628250069.1787167
1628250069.2789183
1628250069.3790584
1628250069.4792557
1628250069.5795026
1628250069.6796503
1628250069.77984
1628250069.8800292
1628250069.9802537
1628250070.0804603
1628250070.180646
1628250070.2808104
1628250070.3810112
1628250070.4812188
1628250070.5814114
1628250070.6816032
1628250070.7818065
1628250070.8820221
1628250070.982411
1628250071.0823917
1628250071.1825752
1628250071.2828002
1628250071.3829594
1628250071.483155
1628250071.5833955
1628250071.683548
1628250071.7837925
1628250071.8839467
1628250071.9841292
1628250072.084415
1628250072.1846848
1628250072.2847304
1628250072.3849173
1628250072.4851127
1628250072.5854006
1628250072.685494
1628250072.7856946
1628250072.8859289
1628250072.9870179
1628250073.086362
1628250073.1864789
1628250073.2866702
1628250073.3874383
1628250073.4870772
1628250073.587274
1628250073.6875663
1628250073.787736
1628250073.8878522
1628250073.9880366
1628250074.088233
1628250074.1884522
1628250074.2886214
1628250074.3891187
1628250074.4895365
1628250074.5899224
1628250074.6894157
1628250074.7896109
1628250074.8897905
1628250074.989984
1628250075.0901864
1628250075.1903849
1628250075.2905922
1628250075.3907704
1628250075.4909623
1628250075.5911653
1628250075.6913683
1628250075.791558
1628250075.891901
1628250075.9919462
1628250076.092135
1628250076.1923306
1628250076.294149
1628250076.3927445
1628250076.4930093
1628250076.5931106
1628250076.69374
1628250076.7935147
1628250076.895836
1628250076.9938903
1628250077.0943537
1628250077.194346
1628250077.2944942
1628250077.394669
1628250077.4949112
1628250077.5950656
1628250077.6952758
1628250077.7954545
1628250077.8961182
1628250077.9958608
1628250078.0960474
1628250078.1962385
1628250078.2964377
1628250078.396635
1628250078.4968302
1628250078.5970445
1628250078.6972122
1628250078.7974916
1628250078.8976145
1628250078.997816
1628250079.0980206
1628250079.1981874
1628250079.298449
1628250079.3985834
1628250079.498815
1628250079.5989861
1628250079.701499
1628250079.7995472
1628250079.899669
1628250079.9997869
1628250080.0999775
1628250080.2001703
1628250080.300347
1628250080.400631
1628250080.5007312
1628250080.6017957
1628250080.7011294
1628250080.8013449
1628250080.9015193
1628250081.001727
1628250081.1019099
1628250081.202117
1628250081.30229
1628250081.402498
1628250081.5027044
1628250081.6029463
1628250081.7030833
1628250081.8032694
1628250081.903864
1628250082.0037336
1628250082.1038547
1628250082.2040505
1628250082.3042388
1628250082.40444
1628250082.504631
1628250082.604826
1628250082.7050686
1628250082.8052206
1628250082.905418
1628250083.0056086
1628250083.105811
1628250083.206018
1628250083.308099
1628250083.4064028
1628250083.5065832
1628250083.606854
1628250083.706987
1628250083.8071969
1628250083.9073763
1628250084.0075722
1628250084.1077542
1628250084.2079654
1628250084.3081956
1628250084.408345
1628250084.5085387
1628250084.608752
1628250084.7089262
1628250084.8091285
1628250084.9093494
1628250085.0095491
1628250085.110179
1628250085.2099066
1628250085.3102632
1628250085.4103093
1628250085.5105162
1628250085.6106954
1628250085.7108872
1628250085.8110871
1628250085.911305
1628250086.0120997
1628250086.111683
1628250086.211877
1628250086.3120723
1628250086.4122505
1628250086.5124469
1628250086.6128957
1628250086.7128334
1628250086.813685
1628250086.913231
1628250087.0140069
1628250087.1136298
1628250087.2138252
1628250087.3140287
1628250087.4142103
1628250087.5161247
1628250087.6146216
1628250087.7149205
1628250087.815012
1628250087.9153156
1628250088.0153983
1628250088.1156614
1628250088.2157917
1628250088.315968
1628250088.4161701
1628250088.5163963
1628250088.6165485
1628250088.7167444
1628250088.816943
1628250088.9171338
1628250089.0173345
1628250089.1175287
1628250089.2177389
1628250089.3179197
1628250089.4185338
1628250089.518316
1628250089.6184971
1628250089.7201095
1628250089.8188891
1628250089.919147
1628250090.0193563
1628250090.1194854
1628250090.2196784
1628250090.3198686
1628250090.4200726
1628250090.5202818
1628250090.62047
1628250090.7206764
1628250090.8208442
1628250090.9210448
1628250091.0212464
1628250091.1214235
1628250091.221641
1628250091.321824
1628250091.4220672
1628250091.5222719
1628250091.6224525
1628250091.7226098
1628250091.8228064
1628250091.9229941
1628250092.0232291
1628250092.123386
1628250092.2235765
1628250092.3238192
1628250092.4239779
1628250092.528099
1628250092.6243958
1628250092.7245643
1628250092.82475
1628250092.9249697
1628250093.025147
1628250093.1253443
1628250093.2255433
1628250093.3257313
1628250093.4259644
1628250093.526126
1628250093.6263154
1628250093.7264984
1628250093.8267016
1628250093.9269145
1628250094.0271063
1628250094.1272798
1628250094.2274919
1628250094.327682
1628250094.4278731
1628250094.528085
1628250094.628273
1628250094.7284684
1628250094.8286757
1628250094.928874
1628250095.029108
1628250095.129264
1628250095.2294693
1628250095.3296294
1628250095.429842
1628250095.5300856
1628250095.6302528
1628250095.7304192
1628250095.8306155
1628250095.9308257
1628250096.031032
1628250096.1311946
1628250096.2313883
1628250096.3316045
1628250096.4317894
1628250096.532306
1628250096.6322236
1628250096.7323678
1628250096.8326073
1628250096.9328852
1628250097.034362
1628250097.133146
1628250097.2345498
1628250097.3336706
1628250097.434033
1628250097.5343075
1628250097.6341376
1628250097.7344494
1628250097.8345191
1628250097.9347239
1628250098.0361204
1628250098.1355753
1628250098.2353406
1628250098.3355093
1628250098.4361525
1628250098.5359268
1628250098.6361175
1628250098.7362862
1628250098.8364692
1628250098.9368231
1628250099.0368652
1628250099.1370811
1628250099.2372432
1628250099.337473
1628250099.43765
1628250099.5378323
1628250099.6380582
1628250099.738581
1628250099.8384228
1628250099.9386253
1628250100.0388134
1628250100.1390233
1628250100.2391982
1628250100.3394017
1628250100.4395883
1628250100.539812
1628250100.640227
1628250100.7403088
1628250100.840375
1628250100.940566
1628250101.0421247
1628250101.1414242
1628250101.2411785
1628250101.341411
1628250101.4415443
1628250101.5417457
1628250101.6419291
1628250101.7427568
1628250101.8440347
1628250101.9425838
1628250102.0427222
1628250102.1429143
1628250102.2431073
1628250102.3432982
1628250102.4434931
1628250102.5436869
1628250102.6438832
1628250102.7441053
1628250102.844438
1628250102.944529
1628250103.0446913
1628250103.144874
1628250103.2450867
1628250103.3453324
1628250103.445448
1628250103.5457144
1628250103.6458554
1628250103.7460334
1628250103.8462687
1628250103.946423
1628250104.0466344
1628250104.1468198
1628250104.2470138
1628250104.347201
1628250104.4474063
1628250104.547618
1628250104.6478
1628250104.7481666
1628250104.8481808
1628250104.9484215
1628250105.0485687
1628250105.1487932
1628250105.2490916
1628250105.3492444
1628250105.4493508
1628250105.5495563
1628250105.6497545
1628250105.7499776
1628250105.850458
1628250105.9503458
1628250106.0505397
1628250106.1507177
1628250106.2509813
1628250106.35113
1628250106.4513087
1628250106.5515084
1628250106.6518385
1628250106.752058
1628250106.8520908
1628250106.95228
1628250107.0524893
1628250107.1526818
1628250107.2528892
1628250107.3530693
1628250107.4561095
1628250107.5534902
1628250107.653686
1628250107.7538755
1628250107.854052
1628250107.95428
1628250108.0561094
1628250108.1546352
1628250108.2548437
1628250108.3550153
1628250108.4552166
1628250108.555418
1628250108.6557443
1628250108.755805
1628250108.856857
1628250108.9562116
1628250109.0564156
1628250109.1565952
1628250109.257626
1628250109.356986
1628250109.457168
1628250109.5573852
1628250109.6575696
1628250109.7577808
1628250109.8579497
1628250109.9581504
1628250110.0583358
1628250110.1585512
1628250110.262842
1628250110.3589191
1628250110.4591348
1628250110.5593567
1628250110.6595144
1628250110.7597604
1628250110.8599324
1628250110.9601378
1628250111.0608172
1628250111.1604936
1628250111.2610817
1628250111.360888
1628250111.4610844
1628250111.5613177
1628250111.6614628
1628250111.7616723
1628250111.8618608
1628250111.9620776
1628250112.062242
1628250112.162455
1628250112.2626314
1628250112.3628452
1628250112.4630256
1628250112.5632217
1628250112.6635141
1628250112.7636313
1628250112.8638132
1628250112.9640222
1628250113.0641944
1628250113.1644135
1628250113.2647848
1628250113.3648047
1628250113.4650257
1628250113.5651765
1628250113.665371
1628250113.7655602
1628250113.8657556
1628250113.9659638
1628250114.0661893
1628250114.1663783
1628250114.27008
1628250114.3667822
1628250114.4689415
1628250114.567154
1628250114.6673589
1628250114.767541
1628250114.8679671
1628250114.9679222
1628250115.0682967
1628250115.1683311
1628250115.270166
1628250115.3690848
1628250115.4688854
1628250115.5698276
1628250115.6716497
1628250115.7697425
1628250115.8696609
1628250115.969887
1628250116.0700645
1628250116.1704187
1628250116.2721057
1628250116.3706522
1628250116.4714208
1628250116.5715818
1628250116.6720204
1628250116.7714293
1628250116.8716166
1628250116.9718146
1628250117.0720086
1628250117.1757884
1628250117.2724288
1628250117.3729348
1628250117.4727912
1628250117.5735936
1628250117.6732073
1628250117.7752376
1628250117.8735769
1628250117.97435
1628250118.0740018
1628250118.174192
1628250118.2744093
1628250118.374588
1628250118.4750056
1628250118.5750604
1628250118.67515
1628250118.7753878
1628250118.8755875
1628250118.975737
1628250119.0759249
1628250119.1761086
1628250119.2763402
1628250119.3766088
1628250119.4767375
1628250119.5774329
1628250119.6770883
1628250119.777807
1628250119.8775158
1628250119.9776812
1628250120.0779085
1628250120.178185
1628250120.2785087
1628250120.3784719
1628250120.4786882
1628250120.5788577
1628250120.679041
1628250120.7792377
1628250120.8794956
1628250120.9796405
1628250121.0798297
1628250121.1800575
1628250121.280227
1628250121.380414
1628250121.4806328
1628250121.5807977
1628250121.6810193
1628250121.7811918
1628250121.8814244
1628250121.9815736
1628250122.0817938
1628250122.1819758
1628250122.2821865
1628250122.382358
1628250122.4825609
1628250122.5886073
1628250122.6829414
1628250122.7831535
1628250122.8833485
1628250122.9835448
1628250123.0837288
1628250123.1839333
1628250123.2841344
1628250123.3843126
1628250123.484548
1628250123.5859008
1628250123.6849089
1628250123.785098
1628250123.8853083
1628250123.987657
1628250124.0856845
1628250124.1859255
1628250124.2860715
1628250124.386271
1628250124.486467
1628250124.5866604
1628250124.6868565
1628250124.7870667
1628250124.8873458
1628250124.9875891
1628250125.0876355
1628250125.1881318
1628250125.2880316
1628250125.3882208
1628250125.4884198
1628250125.5886164
1628250125.690525
1628250125.789001
1628250125.8894339
1628250125.9916382
1628250126.0895884
1628250126.1898048
1628250126.290008
1628250126.3905053
1628250126.4904199
1628250126.590601
1628250126.6907692
1628250126.7909598
1628250126.8911695
1628250126.991346
1628250127.0915375
1628250127.19174
1628250127.29194
1628250127.3940449
1628250127.4923158
1628250127.5925202
1628250127.6929123
1628250127.7929034
1628250127.8931117
1628250127.9933572
1628250128.093521
1628250128.1936936
1628250128.2941349
1628250128.3940754
1628250128.494321
1628250128.5944843
1628250128.6947374
1628250128.7949295
1628250128.8950694
1628250128.995253
1628250129.0954642
1628250129.1957448
1628250129.295852
1628250129.396064
1628250129.4962306
1628250129.5964928
1628250129.696639
1628250129.7968197
1628250129.8970041
1628250129.997209
1628250130.0974193
1628250130.1976657
1628250130.300183
1628250130.3981607
1628250130.4981828
1628250130.5984488
1628250130.6985652
1628250130.7989175
1628250130.8991172
1628250130.9992971
1628250131.099359
1628250131.1995425
1628250131.2997758
1628250131.3999343
1628250131.500172
1628250131.6003292
1628250131.700563
1628250131.8007164
1628250131.9009323
1628250132.0011141
1628250132.1013212
1628250132.201508
1628250132.3020844
1628250132.4018927
1628250132.5025053
1628250132.6025405
1628250132.7025218
1628250132.8027592
1628250132.9030933
1628250133.0031
1628250133.103362
1628250133.2034497
1628250133.3045306
1628250133.403863
1628250133.5040643
1628250133.6042442
1628250133.7044258
1628250133.8046415
1628250133.9048197
1628250134.005042
1628250134.1052108
1628250134.205412
1628250134.3056166
1628250134.4058256
1628250134.5059924
1628250134.606216
1628250134.7063792
1628250134.8066058
1628250134.9068236
1628250135.0069728
1628250135.1071768
1628250135.2074041
1628250135.3075957
1628250135.4077635
1628250135.507962
1628250135.6081722
1628250135.7083483
1628250135.8085532
1628250135.9087315
1628250136.0089312
1628250136.1121693
1628250136.2093396
1628250136.3165057
1628250136.4097066
1628250136.5099106
1628250136.6101398
1628250136.7112267
1628250136.8105159
1628250136.9107065
1628250137.0108852
1628250137.1110682
1628250137.211288
1628250137.3114767
1628250137.4116888
1628250137.5118482
1628250137.6120477
1628250137.7122517
1628250137.8126738
1628250137.913033
1628250138.0131478
1628250138.1130357
1628250138.2133944
1628250138.3134289
1628250138.4137173
1628250138.5163913
1628250138.614038
1628250138.7142277
1628250138.814403
1628250138.91613
1628250139.0147939
1628250139.1149747
1628250139.2151856
1628250139.3153973
1628250139.4158754
1628250139.515778
1628250139.615961
1628250139.7161562
1628250139.8163395
1628250139.9167335
1628250140.0167305
1628250140.1169658
1628250140.2171226
1628250140.3173227
1628250140.4175131
1628250140.517724
1628250140.6179044
1628250140.7181935
1628250140.8182988
1628250140.9193978
1628250141.0187073
1628250141.119001
1628250141.2190769
1628250141.3195837
1628250141.4195251
1628250141.5196624
1628250141.6200624
1628250141.7200649
1628250141.8202546
1628250141.9232864
1628250142.0206518
1628250142.1215596
1628250142.2213054
1628250142.3212264
1628250142.4218254
1628250142.5241618
1628250142.621817
1628250142.7220063
1628250142.8222108
1628250142.9224014
1628250143.0225935
1628250143.1234407
1628250143.2229855
1628250143.323216
1628250143.4233723
1628250143.5235825
1628250143.6237805
1628250143.7239728
1628250143.8241794
1628250143.9244125
1628250144.0245605
1628250144.1247513
1628250144.2249813
1628250144.3251429
1628250144.425325
1628250144.5255344
1628250144.62574
1628250144.7262666
1628250144.826136
1628250144.9263778
1628250145.0265064
1628250145.1266923
1628250145.2269044
1628250145.327098
1628250145.427311
1628250145.5274801
1628250145.6277518
1628250145.7278671
1628250145.828106
1628250145.928257
1628250146.0284772
1628250146.1286576
1628250146.228886
1628250146.3290482
1628250146.4292474
1628250146.529433
1628250146.6296353
1628250146.729835
1628250146.83005
1628250146.9302092
1628250147.030408
1628250147.130602
1628250147.230802
1628250147.3310018
1628250147.4312239
1628250147.5313952
1628250147.6315784
1628250147.7319283
1628250147.8319688
1628250147.932165
1628250148.0324206
1628250148.132691
1628250148.2327914
1628250148.3329492
1628250148.433173
1628250148.5338025
1628250148.6335492
1628250148.7337842
1628250148.8339374
1628250148.9341178
1628250149.0343125
1628250149.1345255
1628250149.2347035
1628250149.3349068
1628250149.435113
1628250149.5352917
1628250149.6355338
1628250149.7357152
1628250149.8358698
1628250149.9360852
1628250150.0366852
1628250150.1364782
1628250150.23669
1628250150.3368473
1628250150.437058
1628250150.53727
1628250150.6374524
1628250150.7376308
1628250150.837982
1628250150.938044
1628250151.0384603
1628250151.1384265
1628250151.2386053
1628250151.3388023
1628250151.439043
1628250151.5392127
1628250151.6394482
1628250151.7395954
1628250151.8398142
1628250151.9399867
1628250152.0401707
1628250152.1403677
1628250152.240574
1628250152.3408003
1628250152.4409537
1628250152.541151
1628250152.641373
1628250152.7415466
1628250152.843532
1628250152.941941
1628250153.0421238
1628250153.1423216
1628250153.2425292
1628250153.3427076
1628250153.4429312
1628250153.5431156
1628250153.643301
1628250153.7434936
1628250153.843702
1628250153.9439158
1628250154.0445676
1628250154.144273
1628250154.2445016
1628250154.344677
1628250154.4448767
1628250154.5450897
1628250154.6452613
1628250154.7454464
1628250154.845648
1628250154.945849
1628250155.046042
1628250155.1462345
1628250155.2464209
1628250155.3466275
1628250155.447113
1628250155.5470219
1628250155.647203
1628250155.7473962
1628250155.8476071
1628250155.9477968
1628250156.0480123
1628250156.1481857
1628250156.248396
1628250156.348589
1628250156.4488115
1628250156.548983
1628250156.649178
1628250156.7493668
1628250156.8495853
1628250156.9497743
1628250157.0499468
1628250157.1501434
1628250157.250383
1628250157.3506308
1628250157.450735
1628250157.5509145
1628250157.652132
1628250157.7513087
1628250157.8530898
1628250157.952092
1628250158.0519383
1628250158.1522312
1628250158.252438
1628250158.3524914
1628250158.4528992
1628250158.5531974
1628250158.6536236
1628250158.7532585
1628250158.8537912
1628250158.9538188
1628250159.0540733
1628250159.1540606
1628250159.2545724
1628250159.3544881
1628250159.4608223
1628250159.5549917
1628250159.655036
1628250159.755229
1628250159.8597353
1628250159.9556136
1628250160.0567951
1628250160.1560154
1628250160.2602623
1628250160.3564107
1628250160.4566975
1628250160.5568428
1628250160.65699
1628250160.7571735
1628250160.8627667
1628250160.9575543
1628250161.0578425
1628250161.1579928
1628250161.2581453
1628250161.3583612
1628250161.4585352
1628250161.558736
1628250161.661439
1628250161.7591186
1628250161.8641038
1628250161.959508
1628250162.0597093
1628250162.159912
1628250162.2610946
1628250162.360291
1628250162.4605012
1628250162.5607023
1628250162.6634827
1628250162.761077
1628250162.861302
1628250162.9614635
1628250163.0675313
1628250163.161861
1628250163.262054
1628250163.3622606
1628250163.4624448
1628250163.5626402
1628250163.6633096
1628250163.7632787
1628250163.8632326
1628250163.9634333
1628250164.063614
1628250164.1638432
1628250164.264288
1628250164.364204
1628250164.4644132
1628250164.5646071
1628250164.6648002
1628250164.7650435
1628250164.8651853
1628250164.9653692
1628250165.0659847
1628250165.1657727
1628250165.266037
1628250165.3662024
1628250165.4666343
1628250165.566557
1628250165.66674
1628250165.7669435
1628250165.867484
1628250165.96735
1628250166.0675402
1628250166.167731
1628250166.2681909
1628250166.3681223
1628250166.4683075
1628250166.5685687
1628250166.668694
1628250166.7689757
1628250166.8690958
1628250166.96958
1628250167.0694902
1628250167.1696787
1628250167.269905
1628250167.3700688
1628250167.4702692
1628250167.5704503
1628250167.6707418
1628250167.7708514
1628250167.871398
1628250167.971243
1628250168.071449
1628250168.171617
1628250168.2721374
1628250168.3720195
1628250168.4722798
1628250168.572412
1628250168.6726198
1628250168.7728481
1628250168.8729992
1628250168.973487
1628250169.0733733
1628250169.1735768
1628250169.2737741
1628250169.3741372
1628250169.4741645
1628250169.574388
1628250169.6745565
1628250169.7747664
1628250169.874957
1628250169.975655
1628250170.0753326
1628250170.1755278
1628250170.2757597
1628250170.3759246
1628250170.47611
1628250170.57645
1628250170.6765013
1628250170.7771578
1628250170.8768935
1628250170.9771342
1628250171.0773087
1628250171.1775112
1628250171.2776775
1628250171.3779519
1628250171.4780855
1628250171.5782957
1628250171.6784673
1628250171.7786944
1628250171.8788595
1628250171.9790874
1628250172.0792487
1628250172.1794772
1628250172.2796502
1628250172.3798501
1628250172.4800432
1628250172.5802307
1628250172.6804197
1628250172.7806265
1628250172.8808382
1628250172.98105
1628250173.081204
1628250173.1817229
1628250173.2816072
1628250173.3817914
1628250173.482625
1628250173.5821714
1628250173.6823738
1628250173.782641
1628250173.882802
1628250173.9829552
1628250174.0841053
1628250174.1834261
1628250174.283536
1628250174.3838468
1628250174.4839475
1628250174.5841236
1628250174.6843162
1628250174.7846656
1628250174.8847172
1628250174.9862967
1628250175.0851078
1628250175.1853075
1628250175.285491
1628250175.3858738
1628250175.4858851
1628250175.5861063
1628250175.6863213
1628250175.7868066
1628250175.8867393
1628250175.9868581
1628250176.0871801
1628250176.1872497
1628250176.287642
1628250176.3876376
1628250176.4879332
1628250176.5880275
1628250176.6882303
1628250176.7884252
1628250176.8891969
1628250176.9889526
1628250177.0890055
1628250177.189214
1628250177.289483
1628250177.3903496
1628250177.4897864
1628250177.5899897
1628250177.69018
1628250177.790404
1628250177.8911605
1628250177.9908016
1628250178.0909727
1628250178.1911862
1628250178.2913575
1628250178.3915575
1628250178.4918127
1628250178.5919428
1628250178.692152
1628250178.7923403
1628250178.89262
1628250178.9927418
1628250179.093284
1628250179.1933308
1628250179.2933183
1628250179.3934963
1628250179.4937134
1628250179.5938997
1628250179.6941528
1628250179.7943072
1628250179.8946428
1628250179.9946718
1628250180.0948763
1628250180.1951158
1628250180.2952838
1628250180.395454
1628250180.495648
1628250180.5958436
1628250180.6960516
1628250180.7963352
1628250180.8964386
1628250180.9966478
1628250181.0968409
1628250181.1970146
1628250181.2972455
1628250181.3978305
1628250181.5001001
1628250181.5978212
1628250181.6979947
1628250181.7981968
1628250181.8983853
1628250181.9986153
1628250182.0987751
1628250182.2000804
1628250182.2991908
1628250182.3993704
1628250182.4995875
1628250182.5998101
1628250182.6999674
1628250182.8001604
1628250182.9003372
1628250183.000611
1628250183.1008754
1628250183.2013416
1628250183.301135
1628250183.401319
1628250183.5016155
1628250183.601705
1628250183.701899
1628250183.8023233
1628250183.90236
1628250184.0024898
1628250184.1027234
1628250184.2031496
1628250184.303187
1628250184.4032688
1628250184.5034616
1628250184.6036763
1628250184.703858
1628250184.8040686
1628250184.904243
1628250185.0053232
1628250185.1046453
1628250185.204998
1628250185.3050897
1628250185.4052413
1628250185.5054386
1628250185.6056187
1628250185.7058446
1628250185.808125
1628250185.9062157
1628250186.0063953
1628250186.106616
1628250186.2067966
1628250186.3071027
1628250186.4071841
1628250186.5073934
1628250186.6077936
1628250186.7105465
1628250186.8079877
1628250186.9082863
1628250187.0083523
1628250187.1090717
1628250187.208744
1628250187.3089457
1628250187.4091349
1628250187.509358
1628250187.6095276
1628250187.7121158
1628250187.8099194
1628250187.91011
1628250188.0103014
1628250188.1105132
1628250188.2107158
1628250188.3108845
1628250188.411099
1628250188.5112872
1628250188.6114736
1628250188.7116923
1628250188.8118734
1628250188.9120793
1628250189.0122626
1628250189.113762
1628250189.2126565
1628250189.312866
1628250189.413941
1628250189.513236
1628250189.6134515
1628250189.7138212
1628250189.813827
1628250189.9140153
1628250190.0142145
1628250190.1149254
1628250190.2149465
1628250190.314814
1628250190.4150033
1628250190.5152326
1628250190.6175919
1628250190.7155943
1628250190.8157809
1628250190.9159794
1628250191.0162349
1628250191.1163526
1628250191.2165523
1628250191.3167486
1628250191.4169612
1628250191.5171409
1628250191.6173556
1628250191.7175322
1628250191.8177247
1628250191.9179358
1628250192.0185213
1628250192.1183197
1628250192.2210026
1628250192.318708
1628250192.418906
1628250192.519091
1628250192.6192875
1628250192.7204747
1628250192.819675
1628250192.9198678
1628250193.022659
1628250193.1204095
1628250193.2204556
1628250193.320663
1628250193.4218578
1628250193.5211477
1628250193.6213584
1628250193.7214394
1628250193.821633
1628250193.9218311
1628250194.02203
1628250194.1222162
1628250194.2224112
1628250194.3226056
1628250194.4228246
1628250194.5230117
1628250194.623204
1628250194.7234044
1628250194.8235936
1628250194.923822
1628250195.0239983
1628250195.1241684
1628250195.2244062
1628250195.3245628
1628250195.424776
1628250195.5249505
1628250195.6251745
1628250195.7253568
1628250195.8255525
1628250195.925746
1628250196.025963
1628250196.1261384
1628250196.2263165
1628250196.3265235
1628250196.426711
1628250196.5269175
1628250196.6271143
1628250196.7273378
1628250196.8274922
1628250196.9276834
1628250197.027924
1628250197.1291056
1628250197.228331
1628250197.3284674
1628250197.4286609
1628250197.529509
1628250197.6290512
1628250197.7294858
1628250197.8294559
1628250197.9298346
1628250198.029839
1628250198.1300418
1628250198.2302625
1628250198.3304415
1628250198.43063
1628250198.530816
1628250198.6310225
1628250198.7312145
1628250198.8314137
1628250198.9316072
1628250199.0318077
1628250199.1319842
1628250199.2322059
1628250199.3331773
1628250199.433635
1628250199.5327847
1628250199.6329684
1628250199.733871
1628250199.8361683
1628250199.9336119
1628250200.0337477
1628250200.1340232
1628250200.2341757
1628250200.3343434
1628250200.4345422
1628250200.534739
1628250200.6349177
1628250200.7351398
1628250200.8353152
1628250200.9355025
1628250201.035697
1628250201.1358962
1628250201.2370052
1628250201.336289
1628250201.4401314
1628250201.5366757
1628250201.6368804
1628250201.7370763
1628250201.837267
1628250201.937469
1628250202.037863
1628250202.1379018
1628250202.2383416
1628250202.338243
1628250202.4384835
1628250202.5386431
1628250202.638826
1628250202.7390451
1628250202.8392205
1628250202.9394429
1628250203.0396047
1628250203.1398315
1628250203.2400084
1628250203.3402255
1628250203.4403992
1628250203.5405943
1628250203.6408167
1628250203.7411132
1628250203.841212
1628250203.9413643
1628250204.0415535
1628250204.1417513
1628250204.241948
1628250204.34227
1628250204.4433908
1628250204.5425491
1628250204.6427565
1628250204.7429676
1628250204.8431299
1628250204.9433112
1628250205.04354
1628250205.143713
1628250205.2439234
1628250205.3440936
1628250205.4442906
1628250205.544497
1628250205.6447334
1628250205.7449045
1628250205.8451238
1628250205.9453068
1628250206.045495
1628250206.1456735
1628250206.245877
1628250206.3460655
1628250206.446267
1628250206.5464487
1628250206.646656
1628250206.7468333
1628250206.8470786
1628250206.9472685
1628250207.0474372
1628250207.1476269
1628250207.2478352
1628250207.3480349
1628250207.4484196
1628250207.5484402
1628250207.6486092
1628250207.748792
1628250207.8489776
1628250207.9491885
1628250208.0493855
1628250208.1497197
1628250208.2499385
1628250208.349985
1628250208.4502144
1628250208.5503645
1628250208.6505613
1628250208.7507613
1628250208.8509836
1628250208.9511757
1628250209.051387
1628250209.1515255
1628250209.2517147
1628250209.3519566
1628250209.4521105
1628250209.5523305
1628250209.6529944
1628250209.7526925
1628250209.8528943
1628250209.953095
1628250210.0539703
1628250210.1535113
1628250210.2537198
1628250210.3538682
1628250210.4541144
1628250210.5542715
1628250210.6544569
1628250210.754657
1628250210.8548758
1628250210.9550374
1628250211.0561237
1628250211.1556096
1628250211.2556973
1628250211.3558223
1628250211.4560866
1628250211.5562112
1628250211.6564236
1628250211.7566137
1628250211.8568025
1628250211.9572897
1628250212.0572023
1628250212.157403
1628250212.257577
1628250212.3601203
1628250212.460232
1628250212.5581837
1628250212.6583586
1628250212.7585583
1628250212.8587508
1628250212.9589448
1628250213.0601127
1628250213.1593351
1628250213.2595553
1628250213.3597336
1628250213.4599397
1628250213.5601263
1628250213.664132
1628250213.764093
1628250213.8618526
1628250213.9609177
1628250214.061091
1628250214.1613123
1628250214.2615829
1628250214.3622258
1628250214.4618745
1628250214.5620975
1628250214.662675
1628250214.7624998
1628250214.8636618
1628250214.9641156
1628250215.0631313
1628250215.164969
1628250215.2636442
1628250215.3636389
1628250215.46556
1628250215.5640502
1628250215.6642284
1628250215.7644172
1628250215.864612
1628250215.9648275
1628250216.0649967
1628250216.165204
1628250216.265414
1628250216.3655849
1628250216.4658022
1628250216.5659943
1628250216.6661768
1628250216.766368
1628250216.866592
1628250216.9667702
1628250217.0669923
1628250217.16715
1628250217.2674053
1628250217.3676271
1628250217.4677486
1628250217.5679333
1628250217.668126
1628250217.7683334
1628250217.8685284
1628250217.9687266
1628250218.069889
1628250218.1691258
1628250218.2693849
1628250218.3695788
1628250218.4696968
1628250218.569893
1628250218.6701055
1628250218.77037
1628250218.8721137
1628250218.9707203
1628250219.070879
1628250219.171061
1628250219.2712646
1628250219.371458
1628250219.4716437
1628250219.5718536
1628250219.6720648
1628250219.772261
1628250219.8724322
1628250219.9726412
1628250220.072813
1628250220.1730409
1628250220.2732072
1628250220.3737578
1628250220.4737735
1628250220.5739033
1628250220.6739888
1628250220.7742026
1628250220.8743873
1628250220.9745898
1628250221.074787
1628250221.1754665
1628250221.2751794
1628250221.3753598
1628250221.4755611
1628250221.5757542
1628250221.6759682
1628250221.7761612
1628250221.876335
1628250221.976565
1628250222.0767324
1628250222.1769276
1628250222.2771394
1628250222.377324
1628250222.477521
1628250222.577721
1628250222.6779037
1628250222.7780972
1628250222.878282
1628250222.978494
1628250223.0786889
1628250223.1788695
1628250223.2791047
1628250223.3792884
1628250223.4794676
1628250223.5796778
1628250223.67986
1628250223.780048
1628250223.8802528
1628250223.9805079
1628250224.0806537
1628250224.1808486
1628250224.2810502
1628250224.3812199
1628250224.4814363
1628250224.5816033
1628250224.6818438
1628250224.7820313
1628250224.8822064
1628250224.9823916
1628250225.0826092
1628250225.182817
1628250225.2829947
1628250225.3831668
1628250225.4833703
1628250225.5835605
1628250225.6837883
1628250225.7839508
1628250225.8841538
1628250225.9843469
1628250226.08461
1628250226.1847453
1628250226.2849293
1628250226.3851275
1628250226.485409
1628250226.5855315
1628250226.6860423
1628250226.785911
1628250226.8861127
1628250226.98633
1628250227.0867677
1628250227.1867216
1628250227.2869048
1628250227.3870811
1628250227.4875643
1628250227.587655
1628250227.6877913
1628250227.787866
1628250227.888344
1628250227.988261
1628250228.0884595
1628250228.188643
1628250228.2888737
1628250228.3890357
1628250228.4905066
1628250228.5894256
1628250228.68962
1628250228.7898643
1628250228.890008
1628250228.9902153
1628250229.0904033
1628250229.190598
1628250229.2908192
1628250229.3909862
1628250229.4912045
1628250229.5913782
1628250229.6915717
1628250229.7917948
1628250229.891962
1628250229.9921587
1628250230.092486
1628250230.1925488
1628250230.2927618
1628250230.3929377
1628250230.4951162
1628250230.5936668
1628250230.6937456
1628250230.7937436
1628250230.8939238
1628250230.9941144
1628250231.0943098
1628250231.1945047
1628250231.294709
