1.0000000000 0.0000000000 0.0000000000 0.0000000000 0.0000000000 1.0000000000 0.0000000000 0.0000000000 0.0000000000 0.0000000000 1.0000000000 0.0000000000
0.9999999630 0.0001460116 -0.0002296933 -0.0004592938 -0.0001460254 0.9999999875 -0.0000599534 0.0110554167 0.0002296846 0.0000599869 0.9999999718 -0.0025512027
0.9999999795 0.0002007176 -0.0000278510 -0.0012149787 -0.0002007081 0.9999999218 0.0003407878 0.0145706852 0.0000279194 -0.0003407822 0.9999999415 -0.0073770658
0.9999999583 0.0001743309 -0.0002300976 -0.0091240695 -0.0001742694 0.9999999491 0.0002672521 0.0056958108 0.0002301442 -0.0002672120 0.9999999378 -0.0095576955
0.9999999325 0.0002167568 -0.0002966242 -0.0097308068 -0.0002166667 0.9999999303 0.0003039720 0.0120142882 0.0002966901 -0.0003039077 0.9999999098 -0.0053400192
0.9999999615 0.0001214958 -0.0002495228 0.0003840866 -0.0001214482 0.9999999744 0.0001908989 0.0086250928 0.0002495460 -0.0001908686 0.9999999506 -0.0034402952
0.9999999459 0.0001396972 -0.0002976438 0.0012026030 -0.0001396693 0.9999999859 0.0000937638 0.0053312735 0.0002976569 -0.0000937222 0.9999999513 -0.0048208456
0.9999999695 -0.0002177114 -0.0001164004 0.0088760948 0.0002177122 0.9999999763 0.0000065673 0.0129206383 0.0001163989 -0.0000065926 0.9999999932 -0.0035269796
0.9999998665 0.0002485776 -0.0004531074 -0.0126434271 -0.0002485063 0.9999999567 0.0001574549 0.0067826775 0.0004531465 -0.0001573423 0.9999998850 -0.0094258644
0.9999999467 -0.0000048836 -0.0003263130 -0.0046817952 0.0000049451 0.9999999823 0.0001883092 0.0014882057 0.0003263121 -0.0001883108 0.9999999290 -0.0210814660
0.9999998883 0.0001699280 -0.0004410089 -0.0164128938 -0.0001698699 0.9999999769 0.0001317885 0.0048284443 0.0004410313 -0.0001317136 0.9999998941 -0.0159563525
0.9999999745 0.0001891890 -0.0001236323 0.0020509253 -0.0001891632 0.9999999604 0.0002081492 0.0084881676 0.0001236717 -0.0002081258 0.9999999707 -0.0092428318
0.9999998627 0.0003879606 -0.0003523255 -0.0083680383 -0.0003879164 0.9999999169 0.0001255157 0.0127512481 0.0003523741 -0.0001253790 0.9999999301 -0.0039862711
0.9999999380 0.0002045568 -0.0002867812 0.0002955137 -0.0002045597 0.9999999790 -0.0000099027 0.0072597128 0.0002867792 0.0000099614 0.9999999588 -0.0031902862
0.9999999759 0.0001966792 0.0000970748 0.0004597262 -0.0001967185 0.9999998984 0.0004054932 0.0062791936 -0.0000969951 -0.0004055123 0.9999999131 -0.0083494598
0.9999999492 -0.0000805499 -0.0003084449 -0.0086554212 0.0000805511 0.9999999967 0.0000036971 0.0013764120 0.0003084446 -0.0000037219 0.9999999524 -0.0114330567
0.9999999727 0.0000486519 -0.0002286802 -0.0002962026 -0.0000486101 0.9999999821 0.0001828475 0.0047515123 0.0002286891 -0.0001828364 0.9999999571 -0.0074544422
0.9999999820 0.0001876204 0.0000287756 -0.0105834759 -0.0001876352 0.9999998482 0.0005180264 0.0170078483 -0.0000286784 -0.0005180318 0.9999998654 -0.0080051826
0.9999999596 0.0001084342 -0.0002627179 -0.0157798170 -0.0001083556 0.9999999494 0.0002991783 0.0099177176 0.0002627504 -0.0002991498 0.9999999207 -0.0147347247
0.9999999681 -0.0000107365 -0.0002523817 -0.0120648470 0.0000107903 0.9999999772 0.0002132411 0.0064580656 0.0002523794 -0.0002132438 0.9999999454 -0.0114760824
0.9999999501 0.0001815518 -0.0002586536 -0.0043995543 -0.0001814551 0.9999999137 0.0003737894 0.0081233279 0.0002587214 -0.0003737424 0.9999998967 -0.0045059059
0.9999998421 0.0003285366 -0.0004558194 -0.0077340965 -0.0003283639 0.9999998743 0.0003788883 0.0000755370 0.0004559439 -0.0003787385 0.9999998243 -0.0113967671
0.9999999366 0.0001315261 -0.0003310107 -0.0186288130 -0.0001313180 0.9999997938 0.0006286427 0.0073849903 0.0003310933 -0.0006285992 0.9999997476 -0.0169384085
0.9999999668 0.0001130243 -0.0002314410 -0.0154394855 -0.0001129469 0.9999999377 0.0003344231 0.0054328100 0.0002314788 -0.0003343970 0.9999999173 -0.0171589285
0.9999999069 0.0003711564 -0.0002200579 -0.0151573849 -0.0003711073 0.9999999062 0.0002231608 0.0090533411 0.0002201407 -0.0002230791 0.9999999509 -0.0165910168
0.9999999457 0.0002344306 -0.0002316052 -0.0167642757 -0.0002343773 0.9999999460 0.0002302520 0.0119129385 0.0002316592 -0.0002301977 0.9999999467 -0.0198157258
0.9999999925 0.0000814660 -0.0000910740 -0.0166685110 -0.0000814267 0.9999999033 0.0004321118 0.0100462556 0.0000911092 -0.0004321043 0.9999999025 -0.0169391695
0.9999998947 0.0001125194 -0.0004449426 -0.0176665940 -0.0001124401 0.9999999778 0.0001783754 0.0101040077 0.0004449626 -0.0001783253 0.9999998851 -0.0232237610
0.9999999972 0.0000716872 -0.0000192183 -0.0188064295 -0.0000716772 0.9999998621 0.0005202372 0.0142262696 0.0000192555 -0.0005202359 0.9999998645 -0.0198881626
0.9999999619 0.0002732632 0.0000393553 -0.0132229855 -0.0002732895 0.9999997374 0.0006712362 0.0166606446 -0.0000391718 -0.0006712469 0.9999997739 -0.0154052559
0.9999999635 0.0001992491 -0.0001825446 -0.0149869335 -0.0001991659 0.9999998763 0.0004556859 0.0124429079 0.0001826353 -0.0004556495 0.9999998795 -0.0202309677
0.9999999634 0.0002648157 -0.0000549866 -0.0159374318 -0.0002647926 0.9999998766 0.0004204150 0.0127232690 0.0000550980 -0.0004204004 0.9999999101 -0.0171157451
0.9999998810 0.0003330463 -0.0003564872 -0.0170866067 -0.0003329197 0.9999998815 0.0003551519 0.0144909289 0.0003566055 -0.0003550332 0.9999998734 -0.0227406759
0.9999999447 0.0001464478 -0.0002987179 -0.0189386669 -0.0001463414 0.9999999258 0.0003562342 0.0131263378 0.0002987701 -0.0003561905 0.9999998919 -0.0216159138
0.9999999635 0.0002211289 -0.0001554597 -0.0161599942 -0.0002210743 0.9999999140 0.0003508445 0.0100691769 0.0001555373 -0.0003508102 0.9999999264 -0.0204863477
0.9999999838 0.0001613741 -0.0000792504 -0.0175725672 -0.0001613390 0.9999998889 0.0004429722 0.0172159005 0.0000793219 -0.0004429594 0.9999998987 -0.0213625136
0.9999999673 0.0002114299 -0.0001435462 -0.0154378439 -0.0002113795 0.9999999158 0.0003516096 0.0108722898 0.0001436206 -0.0003515792 0.9999999279 -0.0206244934
0.9999999110 0.0002575964 -0.0003339888 -0.0182664441 -0.0002574969 0.9999999224 0.0002980300 0.0154471939 0.0003340655 -0.0002979440 0.9999998998 -0.0156615576
0.9999999394 0.0003184878 0.0001403018 -0.0121602342 -0.0003185732 0.9999997635 0.0006094965 0.0245491573 -0.0001401077 -0.0006095411 0.9999998044 -0.0186072821
0.9999999493 0.0002274002 -0.0002228815 -0.0178557784 -0.0002273066 0.9999998861 0.0004195674 0.0175434951 0.0002229768 -0.0004195167 0.9999998871 -0.0137532775
0.9999999663 0.0001713209 -0.0001950607 -0.0117081630 -0.0001712840 0.9999999675 0.0001890546 0.0166683106 0.0001950931 -0.0001890212 0.9999999631 -0.0235246992
0.9999999844 0.0001612058 -0.0000715564 -0.0053615259 -0.0001611723 0.9999998772 0.0004687005 0.0172589887 0.0000716320 -0.0004686889 0.9999998876 -0.0170540926
0.9999998860 0.0002706678 -0.0003934944 -0.0096626388 -0.0002705732 0.9999999345 0.0002405088 0.0177897165 0.0003935595 -0.0002404023 0.9999998937 -0.0143571745
0.9999999318 0.0001995901 -0.0003108142 -0.0032247150 -0.0001994639 0.9999998978 0.0004057676 0.0135482773 0.0003108952 -0.0004057056 0.9999998694 -0.0132446731
0.9999999170 0.0001511195 -0.0003783730 -0.0075243882 -0.0001509958 0.9999999351 0.0003269769 0.0150976060 0.0003784224 -0.0003269198 0.9999998750 -0.0101180126
0.9999999598 0.0001477390 -0.0002421781 -0.0022848827 -0.0001476744 0.9999999535 0.0002668954 0.0123914902 0.0002422175 -0.0002668596 0.9999999351 -0.0086575946
0.9999999214 0.0001338725 -0.0003731166 -0.0040885460 -0.0001337903 0.9999999668 0.0002203899 0.0138599196 0.0003731461 -0.0002203400 0.9999999061 -0.0124259368
0.9999999939 -0.0000124361 -0.0001100531 -0.0028670902 0.0000124664 0.9999999622 0.0002746997 0.0126211196 0.0001100497 -0.0002747011 0.9999999562 -0.0091628825
0.9999999952 0.0000837560 -0.0000506415 -0.0045343228 -0.0000837411 0.9999999532 0.0002941198 0.0129529243 0.0000506661 -0.0002941155 0.9999999555 -0.0078044172
0.9999999118 0.0001388781 -0.0003963821 -0.0041739531 -0.0001387549 0.9999999421 0.0003108558 0.0107842426 0.0003964252 -0.0003108008 0.9999998731 -0.0094104847
0.9999999489 0.0002234347 -0.0002287358 -0.0044211063 -0.0002232883 0.9999997703 0.0006400259 0.0160691145 0.0002288788 -0.0006399748 0.9999997690 -0.0048295217
0.9999999677 -0.0000194267 -0.0002532480 -0.0041158282 0.0000194970 0.9999999614 0.0002772453 0.0141682510 0.0002532426 -0.0002772502 0.9999999295 -0.0093616909
0.9999999753 0.0000153745 -0.0002216219 -0.0046974007 -0.0000152948 0.9999999352 0.0003597423 0.0098463244 0.0002216274 -0.0003597389 0.9999999107 -0.0052834703
0.9999999149 0.0002005877 -0.0003603797 -0.0035464224 -0.0002005446 0.9999999727 0.0001196115 0.0096398313 0.0003604036 -0.0001195393 0.9999999279 -0.0083712496
0.9999999251 0.0000349737 -0.0003855856 -0.0046296042 -0.0000349003 0.9999999813 0.0001903095 0.0068636700 0.0003855923 -0.0001902961 0.9999999076 -0.0071909504
0.9999999636 0.0001067674 -0.0002479655 -0.0057985610 -0.0001066576 0.9999998964 0.0004425934 0.0109033078 0.0002480127 -0.0004425670 0.9999998713 -0.0051506042
0.9999998923 0.0001095518 -0.0004509203 -0.0080434606 -0.0001094333 0.9999999595 0.0002628335 0.0109420770 0.0004509491 -0.0002627841 0.9999998638 -0.0087595969
0.9999999439 0.0000282486 -0.0003339009 -0.0037617480 -0.0000281411 0.9999999477 0.0003221565 0.0109447124 0.0003339100 -0.0003221471 0.9999998924 -0.0064990876
0.9999998977 0.0001793389 -0.0004153337 -0.0005875888 -0.0001792173 0.9999999410 0.0002929180 0.0153577849 0.0004153863 -0.0002928435 0.9999998708 -0.0089450900
0.9999999733 0.0000758040 -0.0002182335 -0.0041535666 -0.0000756800 0.9999998360 0.0005677673 0.0120043375 0.0002182765 -0.0005677508 0.9999998150 -0.0044629208
0.9999999651 0.0002072482 -0.0001639561 -0.0023235760 -0.0002071566 0.9999998228 0.0005580726 0.0164217196 0.0001640717 -0.0005580386 0.9999998308 -0.0085310197
0.9999999929 0.0001111428 -0.0000424253 -0.0018484116 -0.0001111129 0.9999997458 0.0007042573 0.0171707759 0.0000425036 -0.0007042526 0.9999997511 -0.0086029903
0.9999999747 0.0001271588 -0.0001857811 -0.0047962305 -0.0001270659 0.9999998668 0.0005002316 0.0141775415 0.0001858447 -0.0005002079 0.9999998576 -0.0053240313
0.9999999319 0.0000683194 -0.0003626786 -0.0068372555 -0.0000682192 0.9999999595 0.0002764294 0.0099762194 0.0003626975 -0.0002764047 0.9999998960 -0.0078910629
0.9999999572 0.0000936463 -0.0002770637 -0.0031211709 -0.0000935256 0.9999999008 0.0004354603 0.0156024840 0.0002771044 -0.0004354344 0.9999998668 -0.0065490530
0.9999999001 0.0003114759 -0.0003206547 -0.0025285691 -0.0003113389 0.9999998604 0.0004270226 0.0126461390 0.0003207876 -0.0004269227 0.9999998574 -0.0046352932
0.9999999378 0.0001036015 -0.0003370020 -0.0047441131 -0.0001035399 0.9999999780 0.0001826645 0.0060870947 0.0003370209 -0.0001826296 0.9999999265 -0.0078896260
0.9999999894 0.0001408110 -0.0000366327 -0.0025493611 -0.0001407901 0.9999998271 0.0005709346 0.0157211184 0.0000367130 -0.0005709294 0.9999998363 -0.0076408926
0.9999999054 0.0002978406 -0.0003171415 0.0002828611 -0.0002977159 0.9999998783 0.0003933315 0.0133030925 0.0003172586 -0.0003932370 0.9999998724 -0.0082066605
0.9999998889 0.0003815518 -0.0002769418 -0.0059912643 -0.0003814051 0.9999997869 0.0005297537 0.0117256447 0.0002771439 -0.0005296480 0.9999998213 -0.0007089889
0.9999998360 0.0001128099 -0.0005615381 -0.0065478972 -0.0001126686 0.9999999620 0.0002515617 0.0074685166 0.0005615665 -0.0002514984 0.9999998107 -0.0047361974
0.9999997565 0.0002417072 -0.0006546009 -0.0095285409 -0.0002414931 0.9999999173 0.0003272253 0.0117992091 0.0006546800 -0.0003270671 0.9999997322 -0.0035333573
0.9999999611 0.0002244113 -0.0001656988 -0.0021593010 -0.0002243376 0.9999998758 0.0004450520 0.0127920521 0.0001657987 -0.0004450148 0.9999998872 -0.0047041399
0.9999999089 0.0002624470 -0.0003365608 -0.0029962980 -0.0002623048 0.9999998763 0.0004226553 0.0107245705 0.0003366717 -0.0004225670 0.9999998540 -0.0076772909
0.9999999204 0.0000939426 -0.0003878471 -0.0048098335 -0.0000937443 0.9999998650 0.0005110876 0.0147680443 0.0003878950 -0.0005110512 0.9999997942 -0.0091035580
0.9999999170 0.0001757303 -0.0003676858 -0.0062248174 -0.0001756611 0.9999999669 0.0001880107 0.0101314739 0.0003677188 -0.0001879461 0.9999999147 -0.0073563477
0.9999999101 0.0001918547 -0.0003780957 -0.0062388856 -0.0001917214 0.9999999195 0.0003525025 0.0120708270 0.0003781633 -0.0003524300 0.9999998664 -0.0063647781
0.9999997959 0.0000876721 -0.0006328059 -0.0058973059 -0.0000875995 0.9999999896 0.0001147467 0.0063076998 0.0006328160 -0.0001146912 0.9999997932 -0.0047120306
0.9999999972 -0.0000616838 -0.0000419879 -0.0024201801 0.0000616956 0.9999999581 0.0002828968 0.0065280860 0.0000419705 -0.0002828994 0.9999999591 -0.0019225774
0.9999999987 0.0000083910 -0.0000496535 -0.0043911370 -0.0000083772 0.9999999614 0.0002776562 0.0104067446 0.0000496558 -0.0002776558 0.9999999602 -0.0086855788
0.9999998972 0.0000741491 -0.0004472521 -0.0011016794 -0.0000739923 0.9999999358 0.0003504665 0.0098154660 0.0004472780 -0.0003504333 0.9999998386 -0.0076231521
0.9999998756 0.0001550620 -0.0004740087 -0.0046871517 -0.0001548029 0.9999998387 0.0005464640 0.0112930946 0.0004740934 -0.0005463906 0.9999997383 -0.0040649994
0.9999998784 0.0000441616 -0.0004911642 -0.0057843625 -0.0000440689 0.9999999812 0.0001887465 0.0140055204 0.0004911725 -0.0001887249 0.9999998616 -0.0056641231
0.9999999638 0.0000182110 -0.0002683103 -0.0044482716 -0.0000181126 0.9999999326 0.0003667448 0.0131628178 0.0002683169 -0.0003667399 0.9999998968 -0.0031965542
0.9999999828 0.0000729169 -0.0001706466 -0.0034409065 -0.0000728850 0.9999999799 0.0001870215 0.0124288182 0.0001706603 -0.0001870091 0.9999999680 -0.0084548970
0.9999999153 0.0002858955 -0.0002960948 0.0000569449 -0.0002857652 0.9999998622 0.0004402733 0.0127943360 0.0002962206 -0.0004401886 0.9999998592 -0.0031097505
0.9999999713 0.0000885434 -0.0002226582 0.0007099415 -0.0000884870 0.9999999640 0.0002534496 0.0122925890 0.0002226806 -0.0002534299 0.9999999431 -0.0097900135
0.9999999634 0.0001966978 -0.0001859277 -0.0024248237 -0.0001966335 0.9999999209 0.0003458158 0.0125811628 0.0001859957 -0.0003457792 0.9999999229 -0.0053785004
0.9999999375 0.0002694613 -0.0002290981 -0.0016080666 -0.0002693662 0.9999998776 0.0004149981 0.0172386958 0.0002292099 -0.0004149364 0.9999998876 -0.0048984478
0.9999999442 0.0001383947 -0.0003039271 -0.0042619896 -0.0001382865 0.9999999271 0.0003558455 0.0092460701 0.0003039763 -0.0003558034 0.9999998905 -0.0036122257
0.9999998332 0.0001657958 -0.0005532053 -0.0043443443 -0.0001657051 0.9999999728 0.0001639631 0.0105208428 0.0005532325 -0.0001638714 0.9999998335 -0.0063958591
0.9999997783 0.0001850087 -0.0006396487 -0.0060567753 -0.0001847721 0.9999999145 0.0003699279 0.0061259299 0.0006397171 -0.0003698096 0.9999997270 -0.0035767182
0.9999999328 0.0002669772 -0.0002511119 -0.0008789389 -0.0002668884 0.9999999019 0.0003535079 0.0137962779 0.0002512063 -0.0003534409 0.9999999060 -0.0095868447
0.9999999726 0.0001618874 -0.0001691694 -0.0027168711 -0.0001618239 0.9999999165 0.0003753043 0.0149379549 0.0001692301 -0.0003752769 0.9999999153 -0.0034718376
0.9999999561 0.0000678845 -0.0002883093 -0.0026658597 -0.0000678594 0.9999999939 0.0000870004 0.0062386603 0.0002883152 -0.0000869808 0.9999999547 -0.0094880149
0.9999998024 0.0003638436 -0.0005127087 -0.0043983057 -0.0003636381 0.9999998536 0.0004007150 0.0126642143 0.0005128545 -0.0004005285 0.9999997883 -0.0048477035
0.9999999140 0.0000725999 -0.0004083495 -0.0042848572 -0.0000724325 0.9999999134 0.0004097985 0.0119525762 0.0004083792 -0.0004097689 0.9999998327 -0.0070197010
0.9999998858 0.0001383105 -0.0004573763 -0.0013619667 -0.0001383248 0.9999999899 -0.0000313378 0.0036694502 0.0004573719 0.0000314010 0.9999998949 -0.0078147952
0.9999999663 0.0000564708 -0.0002533996 -0.0047192192 -0.0000563939 0.9999999523 0.0003035216 0.0152727768 0.0002534168 -0.0003035073 0.9999999218 -0.0048280388
0.9999999533 0.0001623071 -0.0002589857 -0.0018899987 -0.0001622091 0.9999999153 0.0003782892 0.0149686659 0.0002590471 -0.0003782472 0.9999998949 -0.0087237286
0.9999998467 0.0003573012 -0.0004230262 -0.0033924293 -0.0003571003 0.9999998234 0.0004749780 0.0130625023 0.0004231958 -0.0004748269 0.9999997977 -0.0095548427
0.9999998973 0.0001812170 -0.0004154817 -0.0040859705 -0.0001810703 0.9999999213 0.0003531128 0.0141352187 0.0004155457 -0.0003530376 0.9999998513 -0.0074484382
0.9999998813 0.0000587445 -0.0004836727 -0.0023752830 -0.0000586678 0.9999999857 0.0001585930 0.0077850335 0.0004836820 -0.0001585646 0.9999998705 -0.0071260782
0.9999997919 0.0001690225 -0.0006225471 -0.0043884616 -0.0001687985 0.9999999210 0.0003599583 0.0124752463 0.0006226079 -0.0003598531 0.9999997414 -0.0082218346
0.9999999258 0.0002419626 -0.0002996861 -0.0011892949 -0.0002417501 0.9999997195 0.0007089314 0.0189910550 0.0002998575 -0.0007088589 0.9999997038 -0.0063780146
0.9999999770 0.0001895131 -0.0001006411 -0.0022058610 -0.0001894576 0.9999998301 0.0005512720 0.0151003222 0.0001007455 -0.0005512529 0.9999998430 -0.0064596033
0.9999998540 0.0001887788 -0.0005063295 -0.0050766172 -0.0001886761 0.9999999616 0.0002029131 0.0082354009 0.0005063678 -0.0002028175 0.9999998512 -0.0058472112
0.9999999167 0.0001243443 -0.0003886413 -0.0021626674 -0.0001242003 0.9999999236 0.0003705977 0.0093835578 0.0003886873 -0.0003705494 0.9999998558 -0.0038421842
0.9999998935 0.0001007945 -0.0004503438 -0.0035967688 -0.0001006878 0.9999999669 0.0002369216 0.0061675916 0.0004503677 -0.0002368763 0.9999998705 -0.0082510814
0.9999999199 0.0001550657 -0.0003691125 -0.0035262341 -0.0001548600 0.9999998328 0.0005572141 0.0159222971 0.0003691989 -0.0005571569 0.9999997766 -0.0060132533
0.9999999736 0.0000527497 -0.0002238472 -0.0038776507 -0.0000526373 0.9999998726 0.0005020723 0.0146016668 0.0002238737 -0.0005020605 0.9999998489 -0.0040570964
0.9999998930 -0.0000193589 -0.0004622352 -0.0045465175 0.0000194179 0.9999999916 0.0001277667 0.0054148730 0.0004622327 -0.0001277757 0.9999998850 -0.0067064327
0.9999999715 0.0001871268 -0.0001479373 -0.0032604571 -0.0001870594 0.9999998788 0.0004553803 0.0148292992 0.0001480225 -0.0004553526 0.9999998854 -0.0043964324
0.9999999515 0.0000515818 -0.0003070481 -0.0017592040 -0.0000514941 0.9999999579 0.0002855288 0.0092465766 0.0003070628 -0.0002855130 0.9999999121 -0.0085384199
0.9999999119 0.0000784688 -0.0004122740 -0.0014694811 -0.0000783110 0.9999999237 0.0003826074 0.0145359211 0.0004123040 -0.0003825751 0.9999998418 -0.0050985021
0.9999999614 0.0000470813 -0.0002737352 0.0010603927 -0.0000469439 0.9999998731 0.0005016323 0.0130213753 0.0002737588 -0.0005016195 0.9999998367 -0.0073689191
0.9999998806 -0.0000065563 -0.0004885402 -0.0038985019 0.0000067118 0.9999999493 0.0003183176 0.0111876469 0.0004885381 -0.0003183209 0.9999998300 -0.0084836710
0.9999999397 0.0001859819 -0.0002933714 -0.0033256950 -0.0001859225 0.9999999622 0.0002025921 0.0059763758 0.0002934091 -0.0002025376 0.9999999364 -0.0075950879
0.9999999568 0.0002934986 -0.0000155923 -0.0029827323 -0.0002934925 0.9999998806 0.0003908460 0.0194316495 0.0000157070 -0.0003908414 0.9999999235 -0.0056145541
0.9999999559 0.0000133240 -0.0002965715 -0.0044074955 -0.0000132774 0.9999999876 0.0001570933 0.0087696359 0.0002965736 -0.0001570893 0.9999999437 -0.0052170441
0.9999999525 0.0000771235 -0.0002985288 -0.0041237629 -0.0000770978 0.9999999933 0.0000859392 0.0100721300 0.0002985354 -0.0000859162 0.9999999517 -0.0064566508
0.9999998983 0.0001582155 -0.0004222327 -0.0061615021 -0.0001581844 0.9999999848 0.0000737928 0.0084909228 0.0004222443 -0.0000737260 0.9999999081 -0.0066376854
0.9999998991 0.0001244336 -0.0004315347 -0.0040941016 -0.0001242442 0.9999998960 0.0004387814 0.0133091088 0.0004315893 -0.0004387278 0.9999998106 -0.0068255937
0.9999998131 0.0000598146 -0.0006085064 -0.0070099961 -0.0000597693 0.9999999954 0.0000744464 0.0030145036 0.0006085108 -0.0000744100 0.9999998121 -0.0059359335
0.9999999080 0.0002375683 -0.0003571777 -0.0035865329 -0.0002374536 0.9999999202 0.0003211463 0.0125091471 0.0003572539 -0.0003210615 0.9999998846 -0.0047595678
0.9999999318 0.0002714058 -0.0002504508 -0.0007880232 -0.0002713279 0.9999999148 0.0003109700 0.0107363942 0.0002505352 -0.0003109021 0.9999999203 -0.0051558064
0.9999998096 0.0003489828 -0.0005089421 -0.0061649344 -0.0003488144 0.9999998844 0.0003309109 0.0127825438 0.0005090575 -0.0003307333 0.9999998157 -0.0063013530
0.9999999464 0.0003104723 -0.0001037594 -0.0002634301 -0.0003104042 0.9999997370 0.0006554354 0.0179330239 0.0001039629 -0.0006554032 0.9999997798 -0.0060977455
0.9999999425 0.0002963230 -0.0001649780 -0.0072415025 -0.0002962653 0.9999998951 0.0003493859 0.0088207772 0.0001650815 -0.0003493370 0.9999999254 -0.0066194751
0.9999999279 0.0000313027 -0.0003785619 -0.0044413685 -0.0000312374 0.9999999846 0.0001724509 0.0100972699 0.0003785672 -0.0001724391 0.9999999135 -0.0073623942
0.9999997981 0.0001360878 -0.0006207605 -0.0097509618 -0.0001358694 0.9999999289 0.0003517983 0.0103947420 0.0006208083 -0.0003517139 0.9999997454 -0.0062450594
0.9999998827 0.0001545426 -0.0004591163 -0.0046654244 -0.0001544816 0.9999999792 0.0001328382 0.0092906465 0.0004591369 -0.0001327673 0.9999998858 -0.0079214965
0.9999998945 0.0002262478 -0.0003996475 -0.0039894551 -0.0002261829 0.9999999612 0.0001623624 0.0145861672 0.0003996843 -0.0001622719 0.9999999070 -0.0079278058
0.9999999880 -0.0000068978 -0.0001546091 -0.0008791506 0.0000069266 0.9999999826 0.0001863451 0.0100116715 0.0001546079 -0.0001863462 0.9999999707 -0.0081207531
0.9999999046 0.0001780610 -0.0003989039 -0.0046432855 -0.0001779427 0.9999999402 0.0002964647 0.0084624944 0.0003989567 -0.0002963937 0.9999998765 -0.0054450248
0.9999996822 0.0001623162 -0.0007806076 -0.0071739452 -0.0001620941 0.9999999464 0.0002845372 0.0099312329 0.0007806537 -0.0002844106 0.9999996548 -0.0078228743
0.9999999199 0.0001614773 -0.0003661835 -0.0041451475 -0.0001613054 0.9999998767 0.0004696129 0.0077043754 0.0003662593 -0.0004695538 0.9999998227 -0.0062947666
0.9999998801 0.0000800890 -0.0004831031 -0.0040846385 -0.0000799557 0.9999999587 0.0002760374 0.0101095957 0.0004831251 -0.0002759988 0.9999998452 -0.0086615607
0.9999998820 0.0001764088 -0.0004526957 -0.0070989106 -0.0001763461 0.9999999749 0.0001385038 0.0093829388 0.0004527201 -0.0001384239 0.9999998879 -0.0031777776
0.9999999579 0.0001325024 -0.0002583359 -0.0017382111 -0.0001324144 0.9999999332 0.0003408081 0.0128611297 0.0002583810 -0.0003407738 0.9999999086 -0.0067494112
0.9999998585 0.0001154766 -0.0005193372 -0.0020688092 -0.0001152398 0.9999998894 0.0004560175 0.0075387192 0.0005193898 -0.0004559576 0.9999997612 -0.0066401021
0.9999999292 0.0001949468 -0.0003219706 -0.0030533595 -0.0001948160 0.9999998986 0.0004061226 0.0089281012 0.0003220497 -0.0004060598 0.9999998657 -0.0049101606
0.9999999209 0.0003391930 -0.0002077798 -0.0012861026 -0.0003390536 0.9999997176 0.0006706751 0.0170400329 0.0002080073 -0.0006706046 0.9999997535 -0.0070381758
0.9999999308 0.0000358180 -0.0003701842 -0.0059034192 -0.0000356869 0.9999999367 0.0003540378 0.0137837440 0.0003701969 -0.0003540246 0.9999998688 -0.0111888690
0.9999998957 -0.0001482635 -0.0004320772 -0.0040465274 0.0001483100 0.9999999832 0.0001077143 0.0076163653 0.0004320612 -0.0001077784 0.9999999009 -0.0101318730
0.9999999781 0.0002013516 -0.0000575508 0.0008971644 -0.0002013236 0.9999998620 0.0004852785 0.0131909433 0.0000576485 -0.0004852669 0.9999998806 -0.0059696824
0.9999998701 0.0005007998 -0.0000945782 -0.0006588111 -0.0005007357 0.9999996455 0.0006768910 0.0188729603 0.0000949171 -0.0006768435 0.9999997664 -0.0049593177
0.9999998086 0.0002575065 -0.0005626572 -0.0012345633 -0.0002572709 0.9999998793 0.0004186259 0.0147162664 0.0005627649 -0.0004184811 0.9999997541 -0.0095548158
0.9999998849 0.0001749562 -0.0004467558 -0.0029247624 -0.0001747708 0.9999998987 0.0004149106 0.0129849652 0.0004468284 -0.0004148325 0.9999998141 -0.0043558335
0.9999999763 0.0001541342 -0.0001536018 -0.0006601515 -0.0001540720 0.9999999062 0.0004049009 0.0140207881 0.0001536642 -0.0004048772 0.9999999062 -0.0071225757
0.9999999501 0.0002392182 0.0002063917 0.0026039860 -0.0002393581 0.9999997413 0.0006782647 0.0138588202 -0.0002062294 -0.0006783141 0.9999997487 -0.0070985375
0.9999998703 0.0003265898 -0.0003907108 -0.0030796884 -0.0003264477 0.9999998806 0.0003636897 0.0159758728 0.0003908295 -0.0003635621 0.9999998575 -0.0084259692
0.9999997807 0.0000237522 -0.0006618571 -0.0063533410 -0.0000234975 0.9999999257 0.0003847713 0.0098268272 0.0006618662 -0.0003847556 0.9999997069 -0.0047265343
0.9999997426 -0.0000118593 -0.0007174152 -0.0063196015 0.0000121928 0.9999998919 0.0004647623 0.0130330699 0.0007174096 -0.0004647710 0.9999996347 -0.0088495080
0.9999999654 0.0001800492 -0.0001918181 0.0006598224 -0.0001799778 0.9999999146 0.0003720862 0.0127732517 0.0001918851 -0.0003720517 0.9999999124 -0.0051205224
0.9999999179 0.0003646726 -0.0001765166 0.0016367168 -0.0003646279 0.9999999015 0.0002531391 0.0154932428 0.0001766089 -0.0002530747 0.9999999524 -0.0055717346
0.9999999576 0.0001599232 -0.0002435417 -0.0026065590 -0.0001598171 0.9999998923 0.0004357275 0.0091079228 0.0002436114 -0.0004356886 0.9999998754 -0.0064652580
0.9999999476 0.0001287924 -0.0002970446 -0.0044186916 -0.0001286406 0.9999998613 0.0005108145 0.0138003392 0.0002971103 -0.0005107763 0.9999998254 -0.0047549090
0.9999999662 0.0001424755 -0.0002174997 -0.0027476790 -0.0001423761 0.9999998853 0.0004572136 0.0136480036 0.0002175648 -0.0004571826 0.9999998718 -0.0091548222
0.9999999663 0.0000770541 -0.0002478598 -0.0040611431 -0.0000769173 0.9999998447 0.0005519632 0.0119439861 0.0002479023 -0.0005519441 0.9999998170 -0.0043286105
0.9999999162 0.0002250794 -0.0003418853 -0.0021972676 -0.0002249153 0.9999998596 0.0004797481 0.0189369379 0.0003419932 -0.0004796711 0.9999998265 -0.0064180973
0.9999999930 0.0000570611 -0.0001032936 -0.0018704706 -0.0000570019 0.9999998342 0.0005730766 0.0131762348 0.0001033263 -0.0005730707 0.9999998305 -0.0055302841
0.9999998989 0.0001074405 -0.0004366156 -0.0050262714 -0.0001072357 0.9999998842 0.0004691656 0.0143947536 0.0004366660 -0.0004691188 0.9999997946 -0.0097256605
0.9999999036 0.0000705568 -0.0004333796 -0.0030814428 -0.0000704208 0.9999999483 0.0003137494 0.0115792650 0.0004334017 -0.0003137189 0.9999998569 -0.0066397649
0.9999998690 0.0001684557 -0.0004832575 -0.0056163733 -0.0001682961 0.9999999313 0.0003303811 0.0139059290 0.0004833131 -0.0003302997 0.9999998287 -0.0069858506
0.9999998725 0.0003397885 -0.0003734881 -0.0046338739 -0.0003396160 0.9999998356 0.0004620252 0.0145113037 0.0003736450 -0.0004618983 0.9999998235 -0.0064827060
0.9999999910 0.0000596251 -0.0001203386 -0.0027900586 -0.0000595691 0.9999998901 0.0004649835 0.0190527679 0.0001203663 -0.0004649764 0.9999998847 -0.0053083822
0.9999999315 0.0000811156 -0.0003610199 -0.0031432710 -0.0000810056 0.9999999503 0.0003047721 0.0094965217 0.0003610446 -0.0003047428 0.9999998884 -0.0038779490
0.9999998916 0.0000782265 -0.0004589690 -0.0020200056 -0.0000780814 0.9999999470 0.0003160191 0.0107327359 0.0004589937 -0.0003159832 0.9999998447 -0.0086346782
0.9999998701 0.0000650861 -0.0005054699 -0.0018855602 -0.0000648510 0.9999998897 0.0004650784 0.0090380505 0.0005055001 -0.0004650456 0.9999997641 -0.0059509273
0.9999998546 0.0000582381 -0.0005360949 -0.0080980840 -0.0000580303 0.9999999232 0.0003874917 0.0118286534 0.0005361175 -0.0003874606 0.9999997812 -0.0070123605
0.9999999964 -0.0000421703 -0.0000737110 -0.0024969855 0.0000422128 0.9999998332 0.0005760079 0.0134135187 0.0000736867 -0.0005760110 0.9999998314 -0.0031109238
0.9999999162 0.0001217356 -0.0003908495 -0.0033403319 -0.0001217140 0.9999999911 0.0000552226 0.0093135352 0.0003908562 -0.0000551750 0.9999999221 -0.0071241864
0.9999999806 0.0000358343 -0.0001934577 -0.0023727365 -0.0000357853 0.9999999674 0.0002529454 0.0095434850 0.0001934668 -0.0002529385 0.9999999493 -0.0034737003
0.9999999458 0.0000722773 -0.0003210766 -0.0032513214 -0.0000721849 0.9999999560 0.0002875940 0.0146975742 0.0003210974 -0.0002875708 0.9999999071 -0.0080408494
0.9999997710 0.0000940948 -0.0006701911 -0.0083170160 -0.0000940426 0.9999999925 0.0000778841 0.0044547030 0.0006701985 -0.0000778211 0.9999997724 -0.0051112135
0.9999997846 -0.0001299448 -0.0006433575 -0.0064497289 0.0001300121 0.9999999861 0.0001045243 0.0085727131 0.0006433439 -0.0001046079 0.9999997876 -0.0070980891
0.9999998786 0.0001180735 -0.0004784154 -0.0055294132 -0.0001180091 0.9999999839 0.0001348248 0.0040781584 0.0004784313 -0.0001347683 0.9999998765 -0.0055064550
0.9999999642 0.0001668253 -0.0002092609 -0.0035150603 -0.0001667497 0.9999999208 0.0003614524 0.0090992373 0.0002093212 -0.0003614174 0.9999999128 -0.0069544579
0.9999999937 0.0000965502 -0.0000576494 -0.0049569520 -0.0000965322 0.9999999466 0.0003123766 0.0108076381 0.0000576796 -0.0003123711 0.9999999495 -0.0059193505
0.9999998672 0.0001808938 -0.0004826716 -0.0048185498 -0.0001806693 0.9999998755 0.0004650463 0.0124393919 0.0004827556 -0.0004649590 0.9999997754 -0.0031247158
0.9999999685 0.0000500476 -0.0002458510 -0.0029329224 -0.0000499138 0.9999998506 0.0005442533 0.0129848939 0.0002458782 -0.0005442410 0.9999998217 -0.0053538467
0.9999999415 0.0002315252 -0.0002517122 -0.0038621661 -0.0002314019 0.9999998532 0.0004899637 0.0131543620 0.0002518256 -0.0004899055 0.9999998483 -0.0038195568
0.9999999645 0.0002624769 -0.0000456168 -0.0009389084 -0.0002624549 0.9999998499 0.0004809331 0.0163390140 0.0000457431 -0.0004809211 0.9999998833 -0.0036456382
0.9999999577 0.0001967365 -0.0002144583 -0.0019197108 -0.0001966789 0.9999999447 0.0002682595 0.0113173771 0.0002145111 -0.0002682173 0.9999999410 -0.0099738508
0.9999998439 0.0002367663 -0.0005061994 -0.0040665410 -0.0002365522 0.9999998826 0.0004228961 0.0122987560 0.0005062995 -0.0004227763 0.9999997825 -0.0052839749
0.9999999088 0.0001070830 -0.0004134678 -0.0043576829 -0.0001069375 0.9999999324 0.0003518901 0.0109225064 0.0004135055 -0.0003518459 0.9999998526 -0.0048977119
0.9999999252 0.0003465758 -0.0001716221 -0.0024695528 -0.0003464918 0.9999998204 0.0004889861 0.0195058851 0.0001717915 -0.0004889266 0.9999998657 -0.0083184232
0.9999999382 0.0003406512 -0.0000872633 -0.0011136200 -0.0003405887 0.9999996864 0.0007150422 0.0183103208 0.0000875069 -0.0007150125 0.9999997405 -0.0069849830
0.9999999522 0.0002897970 -0.0001075861 -0.0057458676 -0.0002897332 0.9999997821 0.0005931629 0.0122448857 0.0001077580 -0.0005931317 0.9999998183 -0.0062625409
0.9999998927 0.0001672341 -0.0004321199 -0.0015378969 -0.0001671110 0.9999999454 0.0002850551 0.0096166434 0.0004321675 -0.0002849829 0.9999998660 -0.0051463307
0.9999999518 0.0000038502 -0.0003104608 -0.0040137294 -0.0000037222 0.9999999150 0.0004122815 0.0113032574 0.0003104624 -0.0004122804 0.9999998668 -0.0083843714
0.9999999381 0.0000831820 -0.0003419368 -0.0043488234 -0.0000830853 0.9999999566 0.0002827546 0.0135246330 0.0003419603 -0.0002827262 0.9999999016 -0.0070668570
0.9999997077 0.0001643376 -0.0007467124 -0.0047509072 -0.0001643266 0.9999999864 0.0000147827 0.0053315346 0.0007467148 -0.0000146600 0.9999997211 -0.0036307968
0.9999999500 0.0003159775 -0.0000134758 0.0004983808 -0.0003159704 0.9999998155 0.0005188861 0.0202341977 0.0000136397 -0.0005188819 0.9999998653 -0.0068768013
0.9999999781 0.0001216587 -0.0001701024 -0.0041066652 -0.0001215816 0.9999998898 0.0004534636 0.0087956038 0.0001701576 -0.0004534429 0.9999998827 -0.0009081353
0.9999999799 0.0000427642 -0.0001958251 -0.0042240090 -0.0000427102 0.9999999611 0.0002757707 0.0119536985 0.0001958369 -0.0002757623 0.9999999428 -0.0071762118
0.9999999227 0.0001975993 -0.0003400346 -0.0026537025 -0.0001975285 0.9999999588 0.0002080664 0.0057856990 0.0003400757 -0.0002079992 0.9999999205 -0.0011769107
0.9999999420 -0.0000468032 -0.0003372749 -0.0023773639 0.0000468745 0.9999999765 0.0002116354 0.0092512810 0.0003372650 -0.0002116512 0.9999999207 -0.0077337586
0.9999999237 0.0001959782 -0.0003379686 -0.0019303882 -0.0001957949 0.9999998337 0.0005424848 0.0092127681 0.0003380749 -0.0005424185 0.9999997957 -0.0035685960
0.9999999865 0.0001578723 -0.0000453087 -0.0000212692 -0.0001578415 0.9999997581 0.0006773862 0.0155046858 0.0000454156 -0.0006773790 0.9999997695 -0.0043296214
0.9999999720 0.0001321489 -0.0001963573 -0.0021447082 -0.0001320371 0.9999998290 0.0005697278 0.0182113590 0.0001964325 -0.0005697018 0.9999998184 -0.0049659768
0.9999998877 0.0004503536 -0.0001476337 0.0001502143 -0.0004502443 0.9999996252 0.0007394850 0.0160693048 0.0001479667 -0.0007394184 0.9999997157 -0.0022644126
0.9999998042 0.0001844398 -0.0005980255 -0.0047722450 -0.0001842271 0.9999999197 0.0003558039 0.0120237926 0.0005980910 -0.0003556937 0.9999997579 -0.0065992935
0.9999998691 0.0000579511 -0.0005083673 -0.0034744185 -0.0000578382 0.9999999736 0.0002221819 0.0090264419 0.0005083802 -0.0002221525 0.9999998461 -0.0049783804
0.9999998509 0.0000042793 -0.0005460599 -0.0081530272 -0.0000041792 0.9999999832 0.0001832978 0.0111411105 0.0005460607 -0.0001832955 0.9999998341 -0.0072994953
0.9999999873 0.0000911879 -0.0001308849 -0.0014829119 -0.0000911003 0.9999997718 0.0006693941 0.0164965666 0.0001309459 -0.0006693822 0.9999997674 -0.0071377656
0.9999999714 0.0001490842 -0.0001869061 -0.0001535256 -0.0001490135 0.9999999174 0.0003780237 0.0147279780 0.0001869625 -0.0003779959 0.9999999111 -0.0088940563
0.9999998822 0.0002201732 -0.0004326111 -0.0026714394 -0.0002200701 0.9999999474 0.0002383091 0.0138317853 0.0004326635 -0.0002382139 0.9999998780 -0.0057008942
0.9999999708 -0.0000729493 -0.0002305400 -0.0044921380 0.0000730441 0.9999999128 0.0004110865 0.0096683877 0.0002305100 -0.0004111033 0.9999998889 -0.0067545403
0.9999998681 0.0001649090 -0.0004863961 -0.0036649363 -0.0001647331 0.9999999210 0.0003616675 0.0088439539 0.0004864557 -0.0003615873 0.9999998163 -0.0060207438
0.9999999086 0.0003465034 -0.0002505361 -0.0029119127 -0.0003464203 0.9999998849 0.0003318945 0.0175181712 0.0002506511 -0.0003318076 0.9999999135 -0.0055851254
0.9999998865 0.0002641473 -0.0003964000 -0.0038482984 -0.0002639521 0.9999998439 0.0004924029 0.0153670021 0.0003965300 -0.0004922982 0.9999998002 -0.0046442243
0.9999999441 0.0001221324 -0.0003113305 -0.0031288998 -0.0001220192 0.9999999264 0.0003637803 0.0133198844 0.0003113749 -0.0003637423 0.9999998854 -0.0057235286
0.9999999805 0.0001332249 -0.0001455021 -0.0033905820 -0.0001331795 0.9999999424 0.0003121410 0.0132822979 0.0001455437 -0.0003121216 0.9999999407 -0.0068352727
0.9999999380 0.0001452587 -0.0003208676 -0.0000798526 -0.0001451857 0.9999999636 0.0002275754 0.0119125143 0.0003209007 -0.0002275288 0.9999999226 -0.0079412908
0.9999999873 0.0000731293 -0.0001418289 -0.0002022991 -0.0000730744 0.9999999225 0.0003869657 0.0166483825 0.0001418572 -0.0003869553 0.9999999151 -0.0087500069
0.9999999745 0.0001842693 -0.0001305354 -0.0024611734 -0.0001841825 0.9999997623 0.0006644494 0.0160085659 0.0001306578 -0.0006644253 0.9999997707 -0.0061450818
0.9999999376 -0.0000491751 -0.0003499387 -0.0046142794 0.0000492348 0.9999999842 0.0001706256 0.0089172103 0.0003499303 -0.0001706429 0.9999999242 -0.0091602147
0.9999999017 0.0001131131 -0.0004288325 -0.0060431985 -0.0001130342 0.9999999767 0.0001840299 0.0082362454 0.0004288533 -0.0001839814 0.9999998911 -0.0062645961
0.9999998628 0.0000215170 -0.0005233063 -0.0075100558 -0.0000213694 0.9999999600 0.0002821723 0.0133720487 0.0005233123 -0.0002821611 0.9999998233 -0.0042158068
0.9999999588 0.0001543846 -0.0002419185 -0.0025518581 -0.0001543063 0.9999999357 0.0003236401 0.0123277487 0.0002419684 -0.0003236028 0.9999999184 -0.0053496598
0.9999999123 0.0001761933 -0.0003800247 -0.0031115549 -0.0001760701 0.9999999319 0.0003243713 0.0110792245 0.0003800818 -0.0003243044 0.9999998752 -0.0096599671
0.9999999248 0.0000824869 -0.0003790595 0.0005868149 -0.0000824003 0.9999999705 0.0002285305 0.0085980938 0.0003790784 -0.0002284993 0.9999999020 -0.0082643607
0.9999999736 0.0001667621 -0.0001580190 -0.0031900319 -0.0001667226 0.9999999548 0.0002500826 0.0119720373 0.0001580607 -0.0002500563 0.9999999562 -0.0071327902
0.9999998913 -0.0000607421 -0.0004623380 -0.0052290235 0.0000607307 0.9999999979 -0.0000246275 0.0062625490 0.0004623395 0.0000245995 0.9999998928 -0.0101123133
0.9999999178 0.0002141906 -0.0003441308 -0.0022562620 -0.0002140942 0.9999999378 0.0002803789 0.0105920099 0.0003441908 -0.0002803052 0.9999999015 -0.0057439001
0.9999998985 0.0002239746 -0.0003908382 -0.0034979105 -0.0002238066 0.9999998825 0.0004300490 0.0096848482 0.0003909345 -0.0004299615 0.9999998312 -0.0080548424
0.9999999219 0.0000679615 -0.0003893424 -0.0042560725 -0.0000678503 0.9999999569 0.0002856338 0.0106972793 0.0003893618 -0.0002856073 0.9999998834 -0.0067652400
0.9999999603 0.0002800131 0.0000305890 -0.0053268078 -0.0002800285 0.9999998343 0.0005030460 0.0142834643 -0.0000304481 -0.0005030546 0.9999998730 -0.0046241038
0.9999999843 0.0001020690 -0.0001446058 -0.0008854818 -0.0001020318 0.9999999616 0.0002576224 0.0100968778 0.0001446321 -0.0002576077 0.9999999564 -0.0048118572
0.9999999049 0.0002901013 -0.0003256623 -0.0018158875 -0.0002899512 0.9999998518 0.0004608315 0.0131413296 0.0003257960 -0.0004607370 0.9999998408 -0.0059492041
0.9999998908 0.0002724096 -0.0003798123 -0.0003887027 -0.0002723706 0.9999999576 0.0001025764 0.0042290288 0.0003798403 -0.0001024729 0.9999999226 -0.0090220054
0.9999998235 0.0002041050 -0.0005578915 -0.0030613339 -0.0002040450 0.9999999734 0.0001075525 0.0033441142 0.0005579135 -0.0001074387 0.9999998386 -0.0073384163
0.9999998699 0.0002134785 -0.0004633725 -0.0009933793 -0.0002132907 0.9999998951 0.0004053316 0.0158012411 0.0004634589 -0.0004052327 0.9999998105 -0.0050687499
0.9999999694 0.0002422578 -0.0000495435 -0.0007282947 -0.0002422222 0.9999997129 0.0007179383 0.0138176718 0.0000497174 -0.0007179263 0.9999997411 -0.0022317734
0.9999999221 0.0000807967 -0.0003862430 -0.0036998685 -0.0000806309 0.9999999046 0.0004292457 0.0141740980 0.0003862776 -0.0004292146 0.9999998333 -0.0089059864
0.9999998719 -0.0000646556 -0.0005020516 -0.0027050237 0.0000646873 0.9999999959 0.0000630768 0.0024505520 0.0005020476 -0.0000631092 0.9999998720 -0.0079684880
0.9999999155 0.0001451188 -0.0003845605 -0.0041024384 -0.0001449897 0.9999999332 0.0003354732 0.0136218975 0.0003846092 -0.0003354174 0.9999998698 -0.0088572351
0.9999998660 0.0002869239 -0.0004309287 -0.0030213496 -0.0002867433 0.9999998710 0.0004192781 0.0154484886 0.0004310489 -0.0004191545 0.9999998193 -0.0041348320
0.9999996682 0.0001916053 -0.0007918171 -0.0076110275 -0.0001916973 0.9999999749 -0.0001161449 0.0078233312 0.0007917949 0.0001162966 0.9999996798 -0.0096131790
0.9999996907 -0.0004875440 -0.0006171159 -0.0051830459 0.0004875296 0.9999998809 -0.0000235368 0.0126940705 0.0006171273 0.0000232359 0.9999998093 -0.0103185783
0.9999996174 0.0006990055 -0.0005259526 -0.0104613835 -0.0006990601 0.9999997503 -0.0001035694 0.0060505650 0.0005258801 0.0001039370 0.9999998563 -0.0071014481
0.9999999632 0.0002645477 -0.0000602687 0.0062882525 -0.0002645292 0.9999999177 0.0003075987 0.0116432631 0.0000603501 -0.0003075827 0.9999999509 -0.0052696954
0.9999994691 -0.0006347061 -0.0008117256 -0.0114809595 0.0006345964 0.9999997895 -0.0001353839 0.0085319521 0.0008118114 0.0001348687 0.9999996614 -0.0147380680
0.9999996650 0.0003898515 -0.0007197118 -0.0124880445 -0.0003896275 0.9999998756 0.0003113643 0.0083724707 0.0007198331 -0.0003110838 0.9999996925 -0.0114676027
0.9999998780 0.0002432633 -0.0004298326 0.0001828051 -0.0002431411 0.9999999301 0.0002842212 0.0084845575 0.0004299017 -0.0002841166 0.9999998672 -0.0093171208
0.9999999098 0.0000091647 -0.0004246280 -0.0016333518 -0.0000089687 0.9999998934 0.0004615419 0.0213994498 0.0004246321 -0.0004615381 0.9999998033 -0.0111313936
0.9999998630 0.0003523211 -0.0003871950 -0.0071584019 -0.0003521242 0.9999998088 0.0005082919 0.0150332126 0.0003873740 -0.0005081555 0.9999997959 -0.0093203883
0.9999999572 0.0002920160 0.0000160265 0.0036345244 -0.0002920247 0.9999998084 0.0005457779 0.0148345693 -0.0000158671 -0.0005457825 0.9999998509 -0.0050635147
0.9999999197 -0.0002910605 -0.0002756057 -0.0022929811 0.0002911379 0.9999999182 0.0002806533 0.0154088525 0.0002755240 -0.0002807336 0.9999999226 -0.0096991162
0.9999997728 0.0004154634 -0.0005307841 -0.0047111710 -0.0004154000 0.9999999066 0.0001195821 0.0061440460 0.0005308337 -0.0001193615 0.9999998520 -0.0066051469
0.9999999164 0.0003355249 -0.0002338208 0.0023600301 -0.0003353972 0.9999997946 0.0005461085 0.0191320576 0.0002340040 -0.0005460300 0.9999998235 -0.0024515081
0.9999998589 -0.0001404663 -0.0005123728 -0.0009947025 0.0001405839 0.9999999638 0.0002296113 0.0120602036 0.0005123406 -0.0002296833 0.9999998424 -0.0037195405
0.9999997269 0.0003065282 -0.0006724364 -0.0053132459 -0.0003065776 0.9999999503 -0.0000732684 0.0114109509 0.0006724139 0.0000734745 0.9999997712 -0.0065698160
0.9999999141 0.0000322485 -0.0004131227 0.0017148324 -0.0000322324 0.9999999987 0.0000389933 0.0083242554 0.0004131239 -0.0000389800 0.9999999139 -0.0099299697
0.9999998566 0.0001217247 -0.0005215313 -0.0007940548 -0.0001214751 0.9999998781 0.0004785657 0.0210915662 0.0005215895 -0.0004785023 0.9999997495 -0.0063569310
0.9999994492 0.0004574369 -0.0009445944 -0.0020576800 -0.0004572138 0.9999998675 0.0002364335 0.0296641403 0.0009447025 -0.0002360015 0.9999995259 -0.0087037174
0.9999986631 0.0004245211 -0.0015791088 0.0001294667 -0.0004246591 0.9999999060 -0.0000870631 0.0321034868 0.0015790717 0.0000877336 0.9999987494 -0.0088364662
0.9999985380 -0.0004368185 -0.0016532234 -0.0104196809 0.0004367215 0.9999999029 -0.0000589873 0.0145292671 0.0016532490 0.0000582652 0.9999986317 0.0068360788
0.9999982493 -0.0000090268 -0.0018711920 -0.0054145657 0.0000074246 0.9999996334 -0.0008562762 0.0153122726 0.0018711990 0.0008562608 0.9999978827 -0.0228968470
0.9999993757 -0.0001488577 -0.0011074780 -0.0033288974 0.0001489445 0.9999999858 0.0000782805 0.0135650744 0.0011074663 -0.0000784454 0.9999993837 -0.0054099378
0.9999998659 -0.0004854363 -0.0001803073 -0.0051355397 0.0004854792 0.9999998538 0.0002379766 0.0117253998 0.0001801917 -0.0002380641 0.9999999554 -0.0185357163
0.9999998490 -0.0001545257 0.0005274390 -0.0037533738 0.0001542279 0.9999998287 0.0005645990 -0.0010993121 -0.0005275262 -0.0005645176 0.9999997015 -0.0217427999
0.9999997722 -0.0001895781 0.0006477366 0.0015620746 0.0001892919 0.9999998845 0.0004418161 0.0109359906 -0.0006478203 -0.0004416934 0.9999996926 -0.0251302737
0.9999998337 -0.0005599487 0.0001377870 -0.0018731902 0.0005598950 0.9999997673 0.0003897391 0.0162139146 -0.0001380052 -0.0003896618 0.9999999146 -0.0241037462
0.9999997077 -0.0005041645 -0.0005748016 -0.0057786734 0.0005040639 0.9999998576 -0.0001750872 0.0121883331 0.0005748898 0.0001747974 0.9999998195 -0.0234468099
0.9999984599 -0.0001845925 -0.0017452911 -0.0028309201 0.0001835111 0.9999997911 -0.0006197873 0.0296020795 0.0017454051 0.0006194661 0.9999982849 -0.0213570875
0.9999972776 0.0003266868 -0.0023104444 -0.0005934777 -0.0003272756 0.9999999141 -0.0002544494 0.0474595364 0.0023103611 0.0002552048 0.9999972985 -0.0161015551
0.9999970260 -0.0002998593 -0.0024203437 0.0030188792 0.0002983497 0.9999997608 -0.0006240733 0.0422182219 0.0024205302 0.0006233493 0.9999968762 -0.0265154476
0.9999968810 -0.0010835640 -0.0022503049 0.0090272461 0.0010808340 0.9999986790 -0.0012140358 0.0180891354 0.0022516174 0.0012115998 0.9999967311 -0.0338786674
0.9999965496 -0.0011589866 -0.0023574318 0.0011624945 0.0011555148 0.9999982467 -0.0014735312 0.0149912599 0.0023591355 0.0014708021 0.9999961356 -0.0365841823
0.9999973564 -0.0009223684 -0.0021062822 -0.0022375348 0.0009199120 0.9999988961 -0.0011668879 0.0146792042 0.0021073561 0.0011649473 0.9999971010 -0.0264898007
0.9999976841 -0.0008375043 -0.0019825096 0.0007961082 0.0008344433 0.9999984594 -0.0015443145 0.0092606326 0.0019838000 0.0015426566 0.9999968424 -0.0354238139
0.9999993914 -0.0007644625 -0.0007954844 0.0029392225 0.0007639016 0.9999994597 -0.0007050838 0.0172189026 0.0007960230 0.0007044757 0.9999994350 -0.0300477180
0.9999995203 -0.0009529196 -0.0002267798 -0.0035365758 0.0009528698 0.9999995219 -0.0002194600 0.0173622355 0.0002269888 0.0002192438 0.9999999502 -0.0324058977
0.9999988206 -0.0014800336 0.0004101857 0.0003801563 0.0014802907 0.9999987076 -0.0006273372 0.0116832430 -0.0004092567 0.0006279437 0.9999997191 -0.0509688201
0.9999985087 -0.0015001258 0.0008556776 -0.0042197448 0.0015000727 0.9999988729 0.0000626331 0.0297184714 -0.0008557706 -0.0000613494 0.9999996319 -0.0594136236
0.9999978750 -0.0020097281 0.0004593123 -0.0025142238 0.0020097495 0.9999979794 -0.0000461203 0.0517071733 -0.0004592187 0.0000470433 0.9999998935 -0.0843971708
0.9999969545 -0.0018716351 -0.0016087118 -0.0047559241 0.0018693752 0.9999972655 -0.0014051649 0.0264408553 0.0016113373 0.0014021533 0.9999977188 -0.0972859265
0.9999953813 -0.0018349185 -0.0024228996 0.0000264154 0.0018297387 0.9999960398 -0.0021383500 0.0203522116 0.0024268137 0.0021339069 0.9999947785 -0.1147128355
0.9999935120 -0.0015422269 -0.0032553848 0.0139240772 0.0015310883 0.9999929752 -0.0034213161 0.0137545775 0.0032606384 0.0034163097 0.9999888485 -0.1576671107
0.9999906924 -0.0016994856 -0.0039657234 0.0145600807 0.0016822591 0.9999891535 -0.0043431327 0.0132922767 0.0039730615 0.0043364209 0.9999827050 -0.1997717933
0.9999892310 -0.0015287715 -0.0043818560 0.0285466758 0.0015048024 0.9999839172 -0.0054681645 0.0118618391 0.0043901451 0.0054615118 0.9999754490 -0.2378649480
0.9999913563 -0.0021427170 -0.0035631479 0.0985650909 0.0021277702 0.9999889442 -0.0041933446 0.0183076672 0.0035720937 0.0041857268 0.9999848598 -0.2073087980
0.9999917458 -0.0018471985 -0.0036188527 0.1723833729 0.0018328057 0.9999904143 -0.0039764517 0.0293356028 0.0036261633 0.0039697862 0.9999855458 -0.2086915763
0.9999795389 -0.0028631242 -0.0057205156 0.1835100143 0.0028318731 0.9999810643 -0.0054636479 -0.0138339748 0.0057360503 0.0054473363 0.9999687116 -0.2397260920
0.9999763795 -0.0027103099 -0.0063162301 0.1807362331 0.0026731667 0.9999791301 -0.0058816258 -0.0470982703 0.0063320393 0.0058646025 0.9999627552 -0.2650689063
0.9999978156 0.0005199412 -0.0020244720 0.1240366341 -0.0005440023 0.9999290116 -0.0119027622 0.1768495554 0.0020181396 0.0119038375 0.9999271102 -0.6226102005
0.9999899889 -0.0010296519 0.0043545212 0.1260548492 0.0010771258 0.9999398608 -0.0109139616 0.0493468999 -0.0043430217 0.0109185427 0.9999309594 -0.7218489304
0.9998800222 -0.0014912267 0.0154180902 0.1341844046 0.0015409371 0.9999936518 -0.0032127794 0.0021690755 -0.0154132013 0.0032361522 0.9998759726 -0.9641603497
0.9997824935 -0.0010378321 0.0208299905 0.1641042250 0.0010853191 0.9999968378 -0.0022685659 0.0139546012 -0.0208275702 0.0022906797 0.9997804585 -1.0510997919
0.9996476506 -0.0011878946 0.0265172315 0.1859332172 0.0012686722 0.9999946059 -0.0030296135 -0.0064781984 -0.0265134896 0.0030621876 0.9996437655 -1.1824986943
0.9996108292 -0.0007170184 0.0278868418 0.2340418411 0.0008453569 0.9999891058 -0.0045905998 -0.0114616995 -0.0278832464 0.0046123876 0.9996005454 -1.2875519690
0.9995884983 0.0008867912 0.0286713736 0.2730084978 -0.0007185473 0.9999824676 -0.0058777780 -0.0179187510 -0.0286760833 0.0058547576 0.9995716103 -1.4386806359
0.9994992487 0.0012828485 0.0316165472 0.3075158054 -0.0010967494 0.9999819771 -0.0059027709 0.0000478847 -0.0316235498 0.0058651397 0.9994826418 -1.5736196517
0.9995383288 0.0008660004 0.0303706976 0.3305329497 -0.0007056255 0.9999857541 -0.0052908997 0.0062522602 -0.0303748468 0.0052670267 0.9995247006 -1.6608279110
0.9997894265 0.0009616810 0.0204982412 0.3507478126 -0.0009028117 0.9999954424 -0.0028809799 -0.0247736543 -0.0205009183 0.0028618672 0.9997857381 -1.7539218892
0.9999964006 0.0004071368 0.0026520028 0.3666207778 -0.0004337098 0.9999496335 0.0100270837 -0.0443756658 -0.0026477868 -0.0100281978 0.9999462108 -1.9015869978
0.9999963007 0.0008138961 -0.0025954205 0.3896719444 -0.0007686263 0.9998483872 0.0173957399 -0.0172362681 0.0026091853 -0.0173936807 0.9998453140 -2.0577074490
0.9999938487 0.0009033649 -0.0033891750 0.4042224159 -0.0008309281 0.9997724890 0.0213138418 -0.0108005249 0.0034076581 -0.0213108945 0.9997670897 -2.1358205395
0.9999833374 0.0012764497 -0.0056298783 0.4355754185 -0.0011294341 0.9996602694 0.0260397820 -0.0647554597 0.0056612041 -0.0260329895 0.9996450541 -2.2759676321
0.9999822135 0.0018268634 -0.0056776093 0.4533740605 -0.0016438996 0.9994844413 0.0320647660 -0.1010047969 0.0057332601 -0.0320548623 0.9994696671 -2.4045401482
0.9999814907 0.0018975323 -0.0057807939 0.4780647464 -0.0017083346 0.9994683353 0.0325596114 -0.1115195232 0.0058395034 -0.0325491332 0.9994530775 -2.5743244707
0.9999904527 0.0016390892 -0.0040506667 0.4972612844 -0.0015305391 0.9996434561 0.0266574234 -0.1265581754 0.0040929164 -0.0266509692 0.9996364208 -2.6589729196
0.9999948260 0.0016231739 -0.0027772845 0.5208684646 -0.0015562372 0.9997122759 0.0239362410 -0.1600148144 0.0028153380 -0.0239317950 0.9997096294 -2.7742473473
0.9999965507 0.0016842333 -0.0020154302 0.5362857684 -0.0016568463 0.9999073083 0.0135140538 -0.1954213620 0.0020380042 -0.0135106679 0.9999066498 -2.9508268519
0.9999989641 0.0013820404 0.0004022220 0.5595170135 -0.0013807000 0.9999935554 -0.0033140318 -0.2297181364 -0.0004067995 0.0033134730 0.9999944277 -3.0300418598
0.9999915550 0.0017858399 0.0037014567 0.5800495508 -0.0017176814 0.9998304045 -0.0183360778 -0.2435742167 -0.0037335743 0.0183295651 0.9998250284 -3.1185162598
0.9999843096 0.0021430035 0.0051757135 0.6122522213 -0.0019978993 0.9996092841 -0.0278798781 -0.2719330497 -0.0052334379 0.0278691001 0.9995978813 -3.2217318932
0.9999696618 0.0021410463 0.0074894240 0.6249233934 -0.0018928408 0.9994538125 -0.0329923306 -0.3163071377 -0.0075559714 0.0329771534 0.9994275435 -3.3599578802
0.9999574131 0.0023414651 0.0089269026 0.6456613643 -0.0020118089 0.9993220912 -0.0367601774 -0.3462733409 -0.0090069236 0.0367406527 0.9992842437 -3.5107426107
0.9999567713 0.0021852679 0.0090377063 0.6654815676 -0.0018424172 0.9992847057 -0.0377714511 -0.3618912403 -0.0091137824 0.0377531670 0.9992455341 -3.5869576150
0.9999858410 0.0025195823 0.0046871557 0.6871753721 -0.0024106582 0.9997302273 -0.0231011116 -0.3438513410 -0.0047440964 0.0230894854 0.9997221460 -3.7056977184
0.9999984538 0.0017199195 0.0003664878 0.6997878510 -0.0017177850 0.9999820102 -0.0057470405 -0.3895005335 -0.0003763657 0.0057464021 0.9999834185 -3.8610183541
0.9999979831 0.0019741590 -0.0003694231 0.7156758748 -0.0019679730 0.9998691505 0.0160564292 -0.3878278939 0.0004010727 -0.0160556698 0.9998710190 -3.9664760718
0.9999947883 0.0019992157 -0.0025350679 0.7403345488 -0.0019072868 0.9993585526 0.0357609511 -0.4209123317 0.0026049357 -0.0357559296 0.9993571573 -4.1783114515
0.9999902920 0.0020056394 -0.0039234191 0.7559217390 -0.0018052658 0.9987262450 0.0504244835 -0.4627626248 0.0040195549 -0.0504169111 0.9987201701 -4.3113731873
0.9999929715 0.0021803280 -0.0030501030 0.7725067182 -0.0019992500 0.9983052170 0.0581609558 -0.4721170077 0.0031717437 -0.0581544491 0.9983025594 -4.4534229972
0.9999958614 0.0016799460 -0.0023355899 0.7877017795 -0.0015361225 0.9981807350 0.0602732171 -0.5219413666 0.0024325966 -0.0602693799 0.9981791845 -4.5669185282
0.9999968407 0.0022137819 -0.0011906610 0.8072177465 -0.0021350430 0.9980428579 0.0624971631 -0.5422323730 0.0013266858 -0.0624944235 0.9980444313 -4.6473469898
0.9999970946 0.0023995285 -0.0002304319 0.8318155984 -0.0023784234 0.9977029218 0.0676995044 -0.5935030961 0.0003923494 -0.0676987596 0.9977057302 -4.8159559181
0.9999967921 0.0024252369 -0.0007307134 0.8443711578 -0.0023638242 0.9971988778 0.0747583471 -0.6527613018 0.0009099733 -0.0747563801 0.9972014117 -4.9433176402
0.9999980921 0.0018324313 -0.0006768144 0.8575974132 -0.0017721985 0.9967723222 0.0802608068 -0.7336432585 0.0008217023 -0.0802594542 0.9967736678 -5.1440224952
0.9999982333 0.0018338318 0.0004129688 0.8760623768 -0.0018607120 0.9968767200 0.0789515227 -0.8010125667 -0.0002668952 -0.0789521516 0.9968783710 -5.3377416632
0.9999982564 0.0012342196 0.0014013954 0.8870993262 -0.0013222962 0.9979043247 0.0646932019 -0.8848474677 -0.0013186129 -0.0646949421 0.9979042167 -5.4694678957
0.9999956429 0.0013583227 0.0026209213 0.8996734392 -0.0014897234 0.9987076026 0.0508026110 -0.9553255455 -0.0025485277 -0.0508062941 0.9987052746 -5.5423268164
0.9999981262 0.0018179203 0.0006654138 0.9098741338 -0.0018438211 0.9991471943 0.0412490545 -1.0326062604 -0.0005898588 -0.0412502041 0.9991486740 -5.6903919234
0.9999936365 0.0014379773 -0.0032648421 0.9246942133 -0.0013164676 0.9993173740 0.0369195469 -1.1405533300 0.0033157029 -0.0369150139 0.9993129079 -5.8411567272
0.9999810964 0.0019982979 -0.0058149486 0.9366554284 -0.0017875398 0.9993492410 0.0360263681 -1.2497591977 0.0058831558 -0.0360152926 0.9993339218 -6.0587394114
0.9999672245 0.0015047669 -0.0079552310 0.9519488908 -0.0012947772 0.9996523088 0.0263360037 -1.3652219064 0.0079920946 -0.0263248402 0.9996214930 -6.2474342149
0.9999551618 0.0011724699 -0.0093967885 0.9641221380 -0.0010179633 0.9998644930 0.0164304393 -1.4616094362 0.0094147793 -0.0164201370 0.9998208545 -6.3016795623
0.9999615957 0.0013531675 -0.0086588763 0.9760457470 -0.0012921935 0.9999743592 0.0070435198 -1.5545054898 0.0086681853 -0.0070320603 0.9999377044 -6.4969122195
0.9999738363 0.0008521536 -0.0071833552 0.9926377118 -0.0009944578 0.9998028710 -0.0198300309 -1.6537294924 0.0071650409 0.0198366557 0.9997775599 -6.7658415992
0.9999932685 0.0006980800 -0.0036021840 1.0041986615 -0.0008730336 0.9988082830 -0.0487980701 -1.7697754838 0.0035638263 0.0488008864 0.9988021689 -6.6381957478
0.9999716593 0.0017700403 0.0073176145 1.0159807623 -0.0012944644 0.9979173959 -0.0644918244 -1.8492448139 -0.0074165279 0.0644805243 0.9978914055 -6.7762598331
0.9998576751 0.0021750278 0.0167301742 1.0290298023 -0.0010630429 0.9978064908 -0.0661897040 -1.9587074674 -0.0168374408 0.0661624987 0.9976667902 -6.9181150813
0.9995289327 0.0030474821 0.0305389187 1.0400455783 -0.0009696882 0.9976969182 -0.0678227039 -2.0381603753 -0.0306752736 0.0677611416 0.9972298909 -7.1137447386
0.9991043416 0.0042445139 0.0421010546 1.0481179689 -0.0014019200 0.9977304931 -0.0673193707 -2.0932383799 -0.0422912439 0.0672000532 0.9968428179 -7.2567670010
0.9994324465 0.0041268027 0.0334328326 1.0557293474 -0.0020521207 0.9980831325 -0.0618534516 -2.1568468282 -0.0336240033 0.0617497383 0.9975251356 -7.4223906266
0.9996357866 0.0032035412 0.0267961105 1.0453653344 -0.0017122577 0.9984576709 -0.0554918699 -2.2291946668 -0.0269325526 0.0554257772 0.9980995045 -7.4762485659
0.9999034053 0.0025168963 0.0136691349 1.0436327368 -0.0018387689 0.9987774807 -0.0493980067 -2.2719767328 -0.0137767538 0.0493681007 0.9986856321 -7.7374056060
0.9999979563 0.0017947198 0.0009308375 1.0375706513 -0.0017453639 0.9987195897 -0.0505582322 -2.3572483882 -0.0010203835 0.0505565043 0.9987206810 -7.8058811988
0.9999958587 0.0015760243 -0.0024080400 1.0296310251 -0.0016863889 0.9989150546 -0.0465389061 -2.3841503641 0.0023320809 0.0465427743 0.9989135756 -7.9611676554
0.9999918396 0.0019071632 -0.0035613819 1.0225022106 -0.0019341104 0.9999694128 -0.0075784412 -2.4144604513 0.0035468196 0.0075852675 0.9999649413 -8.0028354743
0.9999658686 0.0026579738 -0.0078228418 1.0322207465 -0.0023576490 0.9992691386 0.0381527214 -2.4652804973 0.0079185333 -0.0381329757 0.9992412987 -8.2045283853
0.9999583721 0.0025345003 -0.0087652976 1.0304333340 -0.0019334940 0.9976897323 0.0679077293 -2.5369394989 0.0089171596 -0.0678879548 0.9976531010 -8.4850485670
0.9999372785 0.0032206176 -0.0107269148 1.0280072454 -0.0023115253 0.9964876703 0.0837077047 -2.6010019780 0.0109588289 -0.0836776589 0.9964326136 -8.5433887369
0.9999326972 0.0035652768 -0.0110403779 1.0245119916 -0.0025746192 0.9960747577 0.0884785189 -2.6355902152 0.0113124922 -0.0884441393 0.9960168983 -8.6031444629
0.9999258914 0.0040212477 -0.0114909251 1.0255261398 -0.0029572379 0.9958322137 0.0911562226 -2.7022074809 0.0118095951 -0.0911154858 0.9957703057 -8.6170310838
0.9999469657 0.0036738377 -0.0096212658 1.0200889630 -0.0027699875 0.9957249953 0.0923258413 -2.7836583631 0.0099193250 -0.0922942940 0.9956823641 -8.7568730094
0.9999512851 0.0036412715 -0.0091743437 1.0165926745 -0.0027287971 0.9952241084 0.0975783163 -2.8617340116 0.0094858372 -0.0975485279 0.9951855624 -8.8232553016
0.9999616412 0.0033957146 -0.0080737418 1.0148766616 -0.0025991534 0.9953101251 0.0967005651 -2.9795860352 0.0083642445 -0.0966758709 0.9952807721 -8.9751642116
0.9999611932 0.0035629157 -0.0080571526 1.0177405017 -0.0027671335 0.9953091270 0.0967061769 -3.0855020050 0.0083639135 -0.0966801288 0.9952803613 -9.0200622453
0.9999615459 0.0030879803 -0.0082079910 1.0120885158 -0.0023171221 0.9957268057 0.0923187918 -3.2061419073 0.0084579953 -0.0922962228 0.9956956712 -9.1612151207
0.9999680532 0.0030844604 -0.0073741915 1.0137795015 -0.0024393940 0.9962974914 0.0859381053 -3.3226594136 0.0076119612 -0.0859173713 0.9962731871 -9.2888552282
0.9999726132 0.0028736887 -0.0068201781 1.0135593319 -0.0024092326 0.9977394785 0.0671574911 -3.4454146856 0.0069977507 -0.0671392204 0.9977190770 -9.4275431876
0.9999815958 0.0032424747 -0.0051278135 1.0162561222 -0.0030043335 0.9989467593 0.0457858719 -3.5937610464 0.0052708723 -0.0457696236 0.9989381159 -9.4007920881
0.9999857638 0.0031093941 -0.0043363323 1.0132896875 -0.0029861021 0.9995991181 0.0281546866 -3.7228405374 0.0044221379 -0.0281413370 0.9995941726 -9.3962363548
0.9999885127 0.0032659064 -0.0035083277 1.0164612291 -0.0031987215 0.9998145947 0.0189880046 -3.8612714493 0.0035696903 -0.0189765643 0.9998135563 -9.5422651878
0.9999863099 0.0032343838 -0.0041132491 1.0164951312 -0.0032032553 0.9999663522 0.0075520671 -3.9977347887 0.0041375370 -0.0075387879 0.9999630230 -9.7162875166
0.9999797278 0.0027487882 -0.0057435365 1.0171166584 -0.0027954807 0.9999629831 -0.0081374285 -4.1587583937 0.0057209558 0.0081533195 0.9999503958 -9.7190407419
0.9999759563 0.0033870439 -0.0060510208 1.0163760337 -0.0035171291 0.9997601094 -0.0216183589 -4.2955688055 0.0059763469 0.0216391214 0.9997479841 -9.7695768910
0.9999701595 0.0026261065 -0.0072652355 1.0221477319 -0.0028420087 0.9995498052 -0.0298682076 -4.4373921549 0.0071835276 0.0298879642 0.9995274416 -9.8431249943
0.9999715678 0.0027536271 -0.0070200483 1.0240203551 -0.0030191117 0.9992696636 -0.0380923136 -4.5597439573 0.0069100292 0.0381124249 0.9992495657 -9.9368011735
0.9999770964 0.0026352848 -0.0062339342 1.0301982603 -0.0029007594 0.9990722842 -0.0429669231 -4.7105568924 0.0061149208 0.0429840222 0.9990570462 -9.9893345419
0.9999876645 0.0032063357 -0.0037934544 1.0296444065 -0.0033852769 0.9988346188 -0.0481450320 -4.8259880734 0.0036346645 0.0481572800 0.9988331520 -10.1731671277
0.9999912010 0.0031252451 -0.0027983559 1.0349203682 -0.0032650511 0.9986710617 -0.0514339382 -4.9496862769 0.0026338934 0.0514426224 0.9986724784 -10.1919636589
0.9999931185 0.0036352321 -0.0007402529 1.0316590595 -0.0036723162 0.9982801789 -0.0585081064 -5.0311993921 0.0005262893 0.0585104222 0.9982866590 -10.4691730622
0.9999928979 0.0034713462 -0.0014676352 1.0396694275 -0.0035684065 0.9973746493 -0.0723261743 -5.1694640130 0.0012127130 0.0723308977 0.9973799530 -10.3965733434
0.9999913839 0.0040470716 -0.0009238004 1.0406549105 -0.0041034844 0.9973499923 -0.0726371412 -5.2633304237 0.0006273846 0.0726403062 0.9973580061 -10.3894774154
0.9999890938 0.0045672172 0.0009761206 1.0543260235 -0.0045006711 0.9982000788 -0.0598025643 -5.3440451547 -0.0012474949 0.0597975189 0.9982097477 -10.5867530474
0.9999883443 0.0048260332 -0.0001436926 1.0565090660 -0.0048280581 0.9993174226 -0.0366248374 -5.4392301599 -0.0000331582 0.0366251043 0.9993290752 -10.5771717171
0.9999856881 0.0051415997 0.0014790054 1.0645059609 -0.0051058211 0.9997165290 -0.0232549408 -5.5164528096 -0.0015981537 0.0232470564 0.9997284733 -10.8813753070
0.9999857789 0.0053166334 0.0004188544 1.0754496364 -0.0053119875 0.9999317480 -0.0104058667 -5.6050053734 -0.0004741500 0.0104034938 0.9999457698 -10.8763513589
0.9999884797 0.0047910777 -0.0002933292 1.0781802712 -0.0047932416 0.9999574338 -0.0078838687 -5.6748683419 0.0002555445 0.0078851839 0.9999688788 -11.0329746712
0.9999847873 0.0051887298 -0.0018714504 1.0780692488 -0.0052040157 0.9999523630 -0.0082577202 -5.7606955941 0.0018285141 0.0082673337 0.9999641532 -10.9984541471
0.9999847613 0.0055008755 0.0004664558 1.0863035099 -0.0054977527 0.9999640807 -0.0064507387 -5.8014236683 -0.0005019237 0.0064480759 0.9999790850 -11.1162746641
0.9999807747 0.0061111149 0.0010509683 1.0918594536 -0.0061348735 0.9996853008 0.0243241175 -5.8923278853 -0.0009019901 -0.0243300974 0.9997035725 -11.0430104682
0.9999771718 0.0065545848 -0.0016411464 1.0982068096 -0.0064287227 0.9976938068 0.0675702550 -5.9588086468 0.0020802566 -0.0675581621 0.9977131688 -11.0939300495
0.9999776693 0.0064885968 -0.0015996741 1.1023494473 -0.0063201805 0.9959989729 0.0891409070 -6.0928273070 0.0021716732 -0.0891288062 0.9960177407 -11.6377717707
0.9999780044 0.0064798108 -0.0014152005 1.1122140447 -0.0063381969 0.9964522742 0.0839207508 -6.1914815318 0.0019539703 -0.0839099351 0.9964714270 -11.5698897787
0.9999773788 0.0065607295 -0.0014827844 1.1109105580 -0.0064186092 0.9966746068 0.0812313335 -6.2695809970 0.0020107904 -0.0812199786 0.9966941717 -11.3506119731
0.9999837394 0.0056343572 -0.0008803171 1.1103390600 -0.0055520162 0.9971419996 0.0753459202 -6.3816543550 0.0013023270 -0.0753398075 0.9971570675 -11.5484496627
0.9999861413 0.0052075307 -0.0007738726 1.1163800465 -0.0051377604 0.9973575236 0.0724677414 -6.5102862196 0.0011492057 -0.0724627612 0.9973704565 -11.4496669797
0.9999849915 0.0054040832 -0.0009014541 1.1186710466 -0.0053245584 0.9973569413 0.0724622708 -6.6258470180 0.0012906636 -0.0724563834 0.9973707469 -11.4973450920
0.9999851262 0.0053937000 0.0008095161 1.1245643306 -0.0054376920 0.9974401047 0.0712998526 -6.7532898420 -0.0004228738 -0.0713031940 0.9974545983 -11.6671737442
0.9999838142 0.0056134095 0.0009278753 1.1225023014 -0.0056650904 0.9974646972 0.0709371881 -6.8881613616 -0.0005273233 -0.0709412964 0.9974803529 -11.6884301528
0.9999843737 0.0051228254 0.0022380940 1.1248892058 -0.0052501136 0.9981146418 0.0611522545 -7.0239244364 -0.0019206021 -0.0611630492 0.9981259403 -11.7627444095
0.9999859928 0.0052465149 0.0006988190 1.1226737437 -0.0052800178 0.9980168722 0.0627251485 -7.1535744187 -0.0003683447 -0.0627279596 0.9980305944 -11.6636296249
0.9999890479 0.0044277877 0.0015161541 1.1212419116 -0.0045214824 0.9976275715 0.0686934119 -7.2981288941 -0.0012083973 -0.0686995149 0.9976366655 -11.8180689760
0.9999880801 0.0045068490 0.0018782698 1.1216363692 -0.0046435236 0.9967387876 0.0805619456 -7.4679598188 -0.0015090638 -0.0805697071 0.9967478342 -11.7941882370
0.9999857875 0.0046343537 0.0026358184 1.1273988523 -0.0048700299 0.9951898540 0.0978439436 -7.6145927832 -0.0021696963 -0.0978553895 0.9951982793 -11.8287911818
0.9999827599 0.0044573558 0.0038225478 1.1256683103 -0.0048511572 0.9939084589 0.1101019603 -7.8302630304 -0.0033084989 -0.1101186059 0.9939129471 -12.1754818935
0.9999879242 0.0040290166 0.0028139699 1.1208246359 -0.0042916873 0.9949172706 0.1006042050 -8.0189051328 -0.0023943312 -0.1006150668 0.9949225475 -12.3745694153
0.9999907378 0.0043038914 0.0000276306 1.1138896098 -0.0042905153 0.9963343714 0.0854365960 -8.1801091507 0.0003401805 -0.0854359232 0.9963436091 -12.0172956394
0.9999940970 0.0034215373 -0.0003146426 1.1112887582 -0.0033979244 0.9983554236 0.0572267619 -8.3579520080 0.0005099287 -0.0572253549 0.9983611565 -12.3949033399
0.9999909735 0.0034907482 -0.0024223080 1.1048682431 -0.0034316321 0.9997062060 0.0239942840 -8.5735526176 0.0025053543 -0.0239857550 0.9997091611 -12.3771425126
0.9999957882 0.0027253706 -0.0009979849 1.0980659403 -0.0027350132 0.9999483197 -0.0097917141 -8.7718693155 0.0009712473 0.0097944024 0.9999515620 -12.1738873469
0.9999948508 0.0021120691 0.0024160989 1.0879559666 -0.0020180163 0.9992646672 -0.0382890649 -8.9415664043 -0.0024951914 0.0382839920 0.9992637840 -12.3349360236
0.9999963455 0.0019155338 0.0019078178 1.0828819794 -0.0018043551 0.9983916785 -0.0566639272 -9.1591311614 -0.0020132911 0.0566602778 0.9983914861 -12.2514004650
0.9999942848 0.0016975131 0.0029238338 1.0776430236 -0.0014941807 0.9976709727 -0.0681938243 -9.3339033062 -0.0030327841 0.0681890658 0.9976678072 -12.2982723975
0.9999872631 0.0020359751 0.0046182794 1.0659357799 -0.0017202520 0.9977268210 -0.0673663961 -9.5242145509 -0.0047449375 0.0673575934 0.9977176154 -12.3711584682
0.9999887060 0.0016108076 0.0044713635 1.0638517253 -0.0013092829 0.9977764330 -0.0666368927 -9.6806921540 -0.0045687603 0.0666302858 0.9977672732 -12.4480743025
0.9999818712 0.0011600610 0.0059086018 1.0459694996 -0.0007912579 0.9980732182 -0.0620421223 -9.8063122060 -0.0059691899 0.0620363223 0.9980560423 -12.7134071849
0.9999726379 0.0018624425 0.0071592382 1.0337235651 -0.0014628154 0.9984617697 -0.0554252159 -9.9007516280 -0.0072514520 0.0554132267 0.9984371742 -13.1578468701
0.9999921071 0.0023709248 0.0031881789 1.0317343821 -0.0022141466 0.9988299276 -0.0483101781 -9.9576905142 -0.0032989883 0.0483027377 0.9988272935 -13.7836720056
0.9999867658 0.0024577319 0.0045197104 1.0254794579 -0.0022931573 0.9993468447 -0.0360641857 -9.9662492238 -0.0046053945 0.0360533440 0.9993392551 -14.5090657754
0.9999251903 0.0037017869 0.0116580709 1.0108125315 -0.0034210570 0.9997058922 -0.0240088642 -9.9722126189 -0.0117435178 0.0239671852 0.9996437685 -15.4450562653
0.9997581054 0.0024266141 0.0218596047 1.0124865103 -0.0021109462 0.9998933331 -0.0144522119 -9.9598671175 -0.0218923429 0.0144025715 0.9996565867 -16.5037486546
0.9997307755 0.0036303561 0.0229171768 0.9935925903 -0.0037803322 0.9999717009 0.0065043395 -10.2191010374 -0.0228929152 -0.0065892230 0.9997162080 -18.0215323848
0.9996944522 0.0045392115 0.0242981021 0.9505026987 -0.0052083798 0.9996069162 0.0275478819 -10.4121339535 -0.0241635052 -0.0276660184 0.9993251305 -19.5548777404
0.9995706748 0.0066313825 0.0285392877 0.9005224238 -0.0080215623 0.9987726619 0.0488756014 -10.8907088590 -0.0281801475 -0.0490835475 0.9983970576 -21.1975808506
0.9998573316 0.0066508264 0.0155268444 0.8703756755 -0.0076136573 0.9979971742 0.0627986663 -10.7083607183 -0.0150780839 -0.0629079230 0.9979054287 -22.8646700423
0.9999733769 0.0068504739 0.0025132783 0.8617918196 -0.0070230861 0.9970292411 0.0767031202 -10.5492725152 -0.0019803593 -0.0767187290 0.9970508085 -24.5343895712
0.9999733769 0.0068504739 0.0025132783 0.8617918196 -0.0070230861 0.9970292411 0.0767031202 -10.5492725152 -0.0019803593 -0.0767187290 0.9970508085 -24.5343895712
0.9999733769 0.0068504739 0.0025132783 0.8617918196 -0.0070230861 0.9970292411 0.0767031202 -10.5492725152 -0.0019803593 -0.0767187290 0.9970508085 -24.5343895712
0.9999733769 0.0068504739 0.0025132783 0.8617918196 -0.0070230861 0.9970292411 0.0767031202 -10.5492725152 -0.0019803593 -0.0767187290 0.9970508085 -24.5343895712
0.9999733769 0.0068504739 0.0025132783 0.8617918196 -0.0070230861 0.9970292411 0.0767031202 -10.5492725152 -0.0019803593 -0.0767187290 0.9970508085 -24.5343895712
0.9999733769 0.0068504739 0.0025132783 0.8617918196 -0.0070230861 0.9970292411 0.0767031202 -10.5492725152 -0.0019803593 -0.0767187290 0.9970508085 -24.5343895712
0.9999733769 0.0068504739 0.0025132783 0.8617918196 -0.0070230861 0.9970292411 0.0767031202 -10.5492725152 -0.0019803593 -0.0767187290 0.9970508085 -24.5343895712
0.9999733769 0.0068504739 0.0025132783 0.8617918196 -0.0070230861 0.9970292411 0.0767031202 -10.5492725152 -0.0019803593 -0.0767187290 0.9970508085 -24.5343895712
0.9999733769 0.0068504739 0.0025132783 0.8617918196 -0.0070230861 0.9970292411 0.0767031202 -10.5492725152 -0.0019803593 -0.0767187290 0.9970508085 -24.5343895712
0.9999733769 0.0068504739 0.0025132783 0.8617918196 -0.0070230861 0.9970292411 0.0767031202 -10.5492725152 -0.0019803593 -0.0767187290 0.9970508085 -24.5343895712
0.9999733769 0.0068504739 0.0025132783 0.8617918196 -0.0070230861 0.9970292411 0.0767031202 -10.5492725152 -0.0019803593 -0.0767187290 0.9970508085 -24.5343895712
