1.0000000000 0.0000000000 0.0000000000 0.0000000000 0.0000000000 1.0000000000 0.0000000000 0.0000000000 0.0000000000 0.0000000000 1.0000000000 0.0000000000
0.9999040193 -0.0103988190 -0.0091551483 -0.1030641846 0.0103388225 0.9999249269 -0.0065764208 0.0032479183 0.0092228480 0.0064811362 0.9999364650 0.0713165202
0.9995097853 -0.0302380285 -0.0081148503 -0.1360734602 0.0300112504 0.9991916385 -0.0267468589 -0.1481087680 0.0089170628 0.0264902104 0.9996093010 0.1058591950
0.9996100732 -0.0278606097 -0.0018676316 -0.1212569964 0.0277708731 0.9989083553 -0.0375616323 -0.2842725208 0.0029120828 0.0374951203 0.9992925676 0.0500710698
0.9999102330 -0.0109502860 -0.0077212134 -0.2013593231 0.0105985740 0.9989661120 -0.0442083404 -0.3223508658 0.0081973245 0.0441225381 0.9989924952 0.0658999510
0.9999343279 0.0033198740 -0.0109689674 -0.2660578800 -0.0038628435 0.9987489448 -0.0498560303 -0.4721397231 0.0107897288 0.0498951275 0.9986961790 0.0357323220
0.9993279353 0.0365191059 0.0031674356 -0.2521713136 -0.0363554392 0.9984677249 -0.0417191132 -0.5789911655 -0.0046861269 0.0415759217 0.9991243581 -0.0157794661
0.9992020086 0.0386262027 0.0101667338 -0.3404107557 -0.0382610815 0.9986911042 -0.0339436017 -0.5624944450 -0.0114645390 0.0335275247 0.9993720375 0.0632203868
0.9984661242 0.0553032563 0.0026360140 -0.3151350498 -0.0552390844 0.9982692690 -0.0201769726 -0.7138690841 -0.0037473040 0.0200004127 0.9997929492 0.0822778764
0.9982782555 0.0584539711 -0.0048639317 -0.4091569670 -0.0585179413 0.9981845722 -0.0142551905 -0.7267268873 0.0040218291 0.0145152740 0.9998865594 0.0947050195
0.9993654687 0.0356123145 0.0006504311 -0.4215259274 -0.0355832530 0.9990263043 -0.0260820895 -0.8924082561 -0.0015786413 0.0260423952 0.9996595928 0.0967378627
0.9998036336 0.0181659699 0.0079178084 -0.4837980175 -0.0178955380 0.9992956938 -0.0329828160 -0.9839043588 -0.0085113967 0.0328346458 0.9994245555 0.0375137575
0.9997718982 0.0205259790 -0.0059021890 -0.4937194208 -0.0207111379 0.9992328205 -0.0332388202 -1.1133335412 0.0052154016 0.0333534794 0.9994300101 0.0503442786
0.9998234734 -0.0085825550 -0.0167141191 -0.6197643283 0.0080089373 0.9993867098 -0.0340890195 -1.1592440810 0.0169964394 0.0339491395 0.9992790286 0.0530942829
0.9997250941 -0.0175878166 -0.0155049946 -0.6055463492 0.0168942220 0.9988981949 -0.0437833460 -1.2935651599 0.0162579645 0.0435093649 0.9989207245 0.0782366424
0.9992620097 -0.0376315276 -0.0077009103 -0.6552217392 0.0371548243 0.9978083987 -0.0547532514 -1.4098641097 0.0097444814 0.0544267180 0.9984702186 0.0786987667
0.9995806825 -0.0281748285 -0.0066811865 -0.6702835591 0.0277511109 0.9980031965 -0.0567406000 -1.5164765122 0.0082665022 0.0565313973 0.9983665990 0.0501233751
0.9996771734 -0.0229546260 -0.0108919328 -0.7182280607 0.0223742385 0.9984627889 -0.0507094927 -1.5907674344 0.0120392071 0.0504494236 0.9986540508 0.0323735804
0.9998776637 0.0144201878 -0.0060593584 -0.7381996437 -0.0146533011 0.9990772779 -0.0403716915 -1.7179878918 0.0054715999 0.0404555422 0.9991663579 0.0381752359
0.9999542867 0.0095494350 0.0004824007 -0.8433133660 -0.0095300536 0.9994803478 -0.0307930583 -1.7425043825 -0.0007762063 0.0307870533 0.9995256649 0.0726267584
0.9988687527 0.0473309868 0.0045817740 -0.8280023876 -0.0472337349 0.9986952685 -0.0194096637 -1.8777655455 -0.0054944745 0.0191712922 0.9998011164 0.0670700241
0.9984391707 0.0556838713 0.0043045159 -0.9006516367 -0.0556014399 0.9983022966 -0.0173494821 -1.8760388176 -0.0052632944 0.0170830652 0.9998402205 0.1152665913
0.9991848139 0.0402125862 0.0035574685 -0.9532054565 -0.0401148729 0.9989010702 -0.0242373438 -2.0112505868 -0.0045282053 0.0240748785 0.9996999028 0.1154358401
0.9998012093 0.0199327470 0.0004770433 -0.9957901457 -0.0199178417 0.9995693351 -0.0215504978 -2.1363058488 -0.0009063984 0.0215367121 0.9997676472 0.0436190709
0.9998150189 0.0134486214 -0.0137500046 -1.0515761238 -0.0136039382 0.9998440005 -0.0112653269 -2.2170129257 0.0135963565 0.0114502972 0.9998420024 0.0649013629
0.9995957419 -0.0033303544 -0.0282358186 -1.1375645423 0.0030451406 0.9999439712 -0.0101381243 -2.3311586427 0.0282680001 0.0100480438 0.9995498772 0.0727340406
0.9997197567 -0.0075987288 -0.0224202440 -1.1709649179 0.0072033167 0.9998180179 -0.0176647483 -2.3964660665 0.0225503936 0.0174982977 0.9995925617 0.0699094939
0.9998861540 -0.0088718340 -0.0122053124 -1.2058030020 0.0085690342 0.9996596293 -0.0246413705 -2.5437485573 0.0124197722 0.0245339774 0.9996218451 0.0771061531
0.9999387336 -0.0002109125 -0.0110672743 -1.2383922631 -0.0000902789 0.9996298159 -0.0272070385 -2.6186201139 0.0110689156 0.0272063707 0.9995685532 0.0767277153
0.9993817771 0.0326211635 -0.0131119535 -1.2728067958 -0.0329451481 0.9991368079 -0.0253032852 -2.7311674754 0.0122752128 0.0257196174 0.9995938277 0.0362213331
0.9977571104 0.0669381843 0.0001676474 -1.3217336139 -0.0669274032 0.9976355367 -0.0156223749 -2.7949849385 -0.0012129844 0.0155761154 0.9998779492 0.0246471987
0.9982884611 0.0564909758 0.0151300362 -1.3887814865 -0.0563752173 0.9983778294 -0.0079714874 -2.8118436257 -0.0155558098 0.0071048848 0.9998537580 0.0806170441
0.9968800985 0.0779451231 0.0124349084 -1.3896594494 -0.0779752845 0.9969533683 0.0019587052 -2.9878615103 -0.0122443523 -0.0029222097 0.9999207651 0.0855518183
0.9965631153 0.0828360837 -0.0003748437 -1.4561996646 -0.0828361060 0.9965631829 -0.0000442539 -3.0292100602 0.0003698896 0.0000751524 0.9999999288 0.1248515867
0.9975210672 0.0702981447 -0.0031450585 -1.5166646787 -0.0703420494 0.9973746767 -0.0171973970 -3.1676322153 0.0019278566 0.0173759956 0.9998471674 0.0934432152
0.9985902538 0.0529670044 -0.0034643152 -1.5887017709 -0.0530382313 0.9982678566 -0.0254604090 -3.2397147601 0.0021097529 0.0256082574 0.9996698285 0.0362458726
0.9980996328 0.0604064974 -0.0121728449 -1.6159196868 -0.0606431169 0.9979569219 -0.0201095584 -3.3806812784 0.0109332268 0.0208095422 0.9997236756 0.0219885386
0.9988138150 0.0402395323 -0.0274179335 -1.7064399213 -0.0407660247 0.9989895377 -0.0189218077 -3.4168056486 0.0266288240 0.0200170831 0.9994449570 0.0594238982
0.9988461808 0.0423669425 -0.0226130342 -1.7353485931 -0.0428915247 0.9988093921 -0.0232403812 -3.5153963873 0.0216014871 0.0241834735 0.9994741294 0.0636473171
0.9986973613 0.0486850007 -0.0152758366 -1.7716980844 -0.0491370998 0.9983180874 -0.0307659200 -3.6214669728 0.0137523051 0.0314764535 0.9994098794 0.0893791358
0.9984378418 0.0540144575 -0.0142938614 -1.8106727007 -0.0544814826 0.9979152369 -0.0345969364 -3.7103039601 0.0123953273 0.0353216413 0.9992991231 0.0719075990
0.9966920365 0.0790201637 -0.0189946871 -1.8546370869 -0.0795752484 0.9963621878 -0.0304986978 -3.8290477527 0.0165155759 0.0319093162 0.9993543072 0.0261978138
0.9936227691 0.1121979231 -0.0111990564 -1.9066209264 -0.1124351634 0.9933820773 -0.0234602326 -3.9043784329 0.0084927525 0.0245697890 0.9996620422 0.0307873347
0.9946188582 0.1035881695 0.0016786959 -1.9840871568 -0.1035339790 0.9944236153 -0.0200596230 -3.9092166155 -0.0037472745 0.0197778772 0.9997973762 0.0608925041
0.9924454810 0.1226602098 0.0025377316 -1.9778164598 -0.1226154743 0.9923625889 -0.0134884241 -4.0776613798 -0.0041728428 0.0130753604 0.9999058067 0.0884418859
0.9909247922 0.1344086077 -0.0015434714 -2.0618705152 -0.1344164966 0.9908085985 -0.0151831025 -4.1164065066 -0.0005114549 0.0152527807 0.9998835388 0.0977677400
0.9926902739 0.1206782370 -0.0016682720 -2.1241335023 -0.1206820411 0.9923754781 -0.0250350833 -4.2144572947 -0.0013656375 0.0250534141 0.9996851812 0.0809534726
0.9936055684 0.1128225534 -0.0043641715 -2.1809753355 -0.1129004042 0.9932212040 -0.0276611409 -4.3172972018 0.0012137871 0.0279769804 0.9996078307 0.0403250480
0.9933492062 0.1148050743 -0.0087834762 -2.2513705226 -0.1149203051 0.9932762650 -0.0139851690 -4.4398210001 0.0071188501 0.0149015563 0.9998636235 0.0081018730
0.9938966112 0.1079757878 -0.0225998981 -2.3441563455 -0.1081515554 0.9941118292 -0.0067016443 -4.4488951298 0.0217432107 0.0091049557 0.9997221277 0.0638252874
0.9933214551 0.1133968967 -0.0212986048 -2.3938546037 -0.1136547985 0.9934558979 -0.0113121966 -4.5635057010 0.0198764566 0.0136573362 0.9997091595 0.0747882220
0.9937054773 0.1106083324 -0.0177544688 -2.4422950447 -0.1110325223 0.9935020548 -0.0250089200 -4.6499443019 0.0148729063 0.0268228242 0.9995295557 0.0832123202
0.9932853667 0.1147131713 -0.0150022856 -2.4913285134 -0.1151888082 0.9926892651 -0.0360494292 -4.7356247426 0.0107572635 0.0375354659 0.9992373943 0.0634367218
0.9905103590 0.1360559799 -0.0194421952 -2.5345108327 -0.1367308867 0.9898362059 -0.0391017930 -4.8352269024 0.0139245559 0.0413890796 0.9990460704 0.0322649458
0.9848010920 0.1732115442 -0.0128284859 -2.5967836678 -0.1735071788 0.9844506157 -0.0274270683 -4.9465064309 0.0078783260 0.0292360412 0.9995414878 -0.0032850445
0.9817426997 0.1901441061 -0.0051468872 -2.6724170875 -0.1902043605 0.9816036656 -0.0166296411 -4.9009929043 0.0018901751 0.0173049891 0.9998484708 0.0468151602
0.9793682655 0.2020811895 0.0009966744 -2.6983493381 -0.2020665977 0.9793377914 -0.0081596802 -5.0763844227 -0.0026249987 0.0077899372 0.9999662126 0.0781854590
0.9773028695 0.2118319860 -0.0025121651 -2.7625647525 -0.2118432891 0.9772866403 -0.0057657243 -5.1418490282 0.0012337406 0.0061670443 0.9999802225 0.0935626621
0.9766096295 0.2149228539 -0.0064651635 -2.8489419286 -0.2150015021 0.9764789238 -0.0162254553 -5.1715239525 0.0028258747 0.0172359558 0.9998474565 0.0882036989
0.9775024776 0.2105459180 -0.0126223124 -2.9168739059 -0.2108262754 0.9771196632 -0.0280970702 -5.2752905529 0.0064177862 0.0301260708 0.9995255034 0.0516706181
0.9805043172 0.1955009448 -0.0197652338 -2.9798139346 -0.1959452452 0.9803258287 -0.0238061017 -5.4034218060 0.0147222538 0.0272148891 0.9995211879 -0.0028635006
0.9791597380 0.2002373973 -0.0339292235 -3.0628229649 -0.2008843254 0.9794702665 -0.0168370068 -5.4270442358 0.0298612671 0.0233019683 0.9992824040 0.0422966861
0.9806701400 0.1908806563 -0.0430192003 -3.1419505615 -0.1918599903 0.9812209149 -0.0198811525 -5.5419540151 0.0384164117 0.0277505159 0.9988764129 0.0525074371
0.9805721731 0.1911757117 -0.0439324545 -3.1934274581 -0.1926804579 0.9807064463 -0.0330016270 -5.6059636932 0.0367757318 0.0408254025 0.9984892749 0.0612239219
0.9758819454 0.2144801212 -0.0406534898 -3.2432153258 -0.2161922483 0.9753671828 -0.0438151856 -5.6878275510 0.0302545935 0.0515474179 0.9982121635 0.0504021923
0.9723839151 0.2295814805 -0.0419745813 -3.3249195113 -0.2315439469 0.9715325359 -0.0501191807 -5.7376940630 0.0292732357 0.0584540454 0.9978608131 0.0285128250
0.9661948901 0.2552075695 -0.0365585940 -3.3704657192 -0.2567626692 0.9653213868 -0.0471969476 -5.8505503719 0.0232457744 0.0549883318 0.9982163680 -0.0005435605
0.9585178082 0.2843365847 -0.0199077367 -3.4349422131 -0.2849344538 0.9576808228 -0.0407406268 -5.9116701994 0.0074812070 0.0447230164 0.9989714127 0.0129619633
0.9543882364 0.2985679320 0.0005330260 -3.4936411062 -0.2983721866 0.9538242002 -0.0345461035 -5.9899742035 -0.0108227718 0.0328113547 0.9994029631 0.0425649870
0.9487761323 0.3159473381 -0.0010631541 -3.5538754933 -0.3158122822 0.9482608000 -0.0326198948 -6.0205026801 -0.0092980216 0.0312847347 0.9994672642 0.0826131969
0.9443317084 0.3288208499 -0.0106992165 -3.6142393604 -0.3289948213 0.9438143550 -0.0312549331 -6.1090843515 -0.0001791995 0.0330350112 0.9994541790 0.0596302731
0.9495708200 0.3129616890 -0.0192415939 -3.7099764205 -0.3135224286 0.9485416984 -0.0444109575 -6.1747437854 0.0043525259 0.0482040205 0.9988280272 0.0525586431
0.9552758983 0.2945030351 -0.0267566901 -3.7794891252 -0.2954362904 0.9543921689 -0.0430463277 -6.2716163315 0.0128591014 0.0490260166 0.9987147206 -0.0164163743
0.9535189684 0.2988394681 -0.0386852579 -3.8493562889 -0.3000087732 0.9534954482 -0.0290028662 -6.3810535332 0.0282190162 0.0392606999 0.9988304584 -0.0114754440
0.9586051321 0.2807090792 -0.0477348259 -3.9618061254 -0.2821975977 0.9589518854 -0.0278531376 -6.3929832633 0.0379567727 0.0401708138 0.9984716266 0.0139233571
0.9569839132 0.2867557182 -0.0441921712 -4.0004043463 -0.2884038050 0.9567976756 -0.0368978752 -6.5266325106 0.0317022900 0.0480558633 0.9983414240 0.0381695314
0.9558503570 0.2907923020 -0.0423075891 -4.0681148986 -0.2927864400 0.9547162774 -0.0528481813 -6.5844605280 0.0250238997 0.0629020413 0.9977059375 0.0337958782
0.9503941479 0.3082964310 -0.0412828564 -4.1303698601 -0.3104581423 0.9483704394 -0.0648787450 -6.6634222292 0.0191495552 0.0744769785 0.9970388529 0.0115380002
0.9395511295 0.3403603299 -0.0373968039 -4.1682080274 -0.3421341525 0.9375542629 -0.0627393490 -6.7581838701 0.0137075474 0.0717415500 0.9973290596 -0.0345479910
0.9223396308 0.3856608242 -0.0235655284 -4.2385945768 -0.3863704538 0.9210311516 -0.0491883140 -6.8332994127 0.0027345800 0.0544733553 0.9985114800 -0.0262228767
0.9212785724 0.3883627275 -0.0204983899 -4.3073429451 -0.3888862672 0.9204512011 -0.0392053247 -6.8316052534 0.0036418808 0.0440905679 0.9990208999 0.0285121931
0.9147104778 0.4031691768 -0.0275564275 -4.3538810722 -0.4039406540 0.9141721628 -0.0334843973 -6.9648728935 0.0116914420 0.0417596904 0.9990592767 0.0312361042
0.9078752525 0.4178377100 -0.0342662218 -4.4163764239 -0.4189342497 0.9072999661 -0.0360675199 -6.9953227223 0.0160193719 0.0471001027 0.9987617133 0.0296571293
0.9080135287 0.4171339808 -0.0388673884 -4.4971417838 -0.4186310535 0.9069959652 -0.0458950987 -7.0713200022 0.0161081592 0.0579444663 0.9981898447 0.0155077960
0.9098564120 0.4127116843 -0.0427828851 -4.5742409426 -0.4144640195 0.9088550353 -0.0469265532 -7.1404076682 0.0195163038 0.0604283919 0.9979817250 -0.0286223100
0.9028018770 0.4279194934 -0.0428214665 -4.6457492660 -0.4294249097 0.9023909084 -0.0358454366 -7.2122967754 0.0233027410 0.0507499319 0.9984394958 -0.0512306341
0.9049806591 0.4224879178 -0.0501394658 -4.7442709832 -0.4240182421 0.9053135947 -0.0248158346 -7.2208451332 0.0349075497 0.0437178984 0.9984338778 -0.0192853745
0.9095111163 0.4118988726 -0.0559361068 -4.8337907296 -0.4137128450 0.9100493550 -0.0255314178 -7.2864009501 0.0403882557 0.0463625942 0.9981078592 -0.0040283185
0.9137428385 0.4028025194 -0.0531427840 -4.8906357554 -0.4047144730 0.9138919569 -0.0317440770 -7.3730229592 0.0357801687 0.0505135768 0.9980822401 -0.0162333672
0.9033953840 0.4257926908 -0.0507677527 -4.9528633198 -0.4277886619 0.9030688223 -0.0382565412 -7.4489664413 0.0295574190 0.0562786517 0.9979774909 -0.0121066645
0.9026806143 0.4261514259 -0.0596881120 -5.0533095168 -0.4289556025 0.9021397976 -0.0462696092 -7.4594014412 0.0341291613 0.0673702293 0.9971441483 -0.0211104221
0.8928830505 0.4454680529 -0.0657120376 -5.1209917638 -0.4488142763 0.8922316839 -0.0498835407 -7.5735592973 0.0364088382 0.0740326686 0.9965909695 -0.0610093485
0.8756197268 0.4792974885 -0.0596993427 -5.2049359934 -0.4822240357 0.8745160161 -0.0517852976 -7.5940905546 0.0273874682 0.0741326861 0.9968722443 -0.0617366639
0.8762881449 0.4787464063 -0.0540459587 -5.2855060875 -0.4811244461 0.8754417477 -0.0460544649 -7.6869844290 0.0252656790 0.0663598136 0.9974758246 -0.0401832961
0.8594493137 0.5086887233 -0.0508198780 -5.3575608072 -0.5106502343 0.8589334649 -0.0383358991 -7.7349359184 0.0241498544 0.0588989448 0.9979717926 -0.0354463902
0.8513056523 0.5229673702 -0.0422352469 -5.4363791183 -0.5244903957 0.8503588781 -0.0424217302 -7.7369452161 0.0137299365 0.0582658400 0.9982066824 -0.0193010628
0.8500181056 0.5250281070 -0.0425993773 -5.5260779428 -0.5266751545 0.8485024362 -0.0515451007 -7.8144774887 0.0090830488 0.0662503025 0.9977616928 -0.0241407252
0.8532484913 0.5194200968 -0.0465808449 -5.6206738906 -0.5212241595 0.8523097568 -0.0435138375 -7.8875625061 0.0170993469 0.0614071779 0.9979663175 -0.0948721906
0.8462694922 0.5310333945 -0.0427957997 -5.7182892609 -0.5323727678 0.8459719573 -0.0301775357 -7.9287728189 0.0201787672 0.0483216462 0.9986279767 -0.0803589942
0.8561738768 0.5139557509 -0.0530639132 -5.8240951658 -0.5156751547 0.8564043243 -0.0255101583 -7.9484385717 0.0323330722 0.0492048728 0.9982652217 -0.0502151177
0.8538346027 0.5178646760 -0.0527508156 -5.8922490243 -0.5198243239 0.8535924799 -0.0340961942 -8.0249453143 0.0273704849 0.0565336675 0.9980254511 -0.0480254939
0.8475904580 0.5283494110 -0.0493691737 -5.9654663939 -0.5303408290 0.8466013017 -0.0447754519 -8.0872908613 0.0181389231 0.0641337343 0.9977764497 -0.0592542202
0.8390683081 0.5414526303 -0.0528528473 -6.0563261369 -0.5437733931 0.8376720119 -0.0511477992 -8.1311861570 0.0165792405 0.0716564694 0.9972915718 -0.0675956378
0.8254311435 0.5617505887 -0.0556749795 -6.1343629250 -0.5642483705 0.8239974190 -0.0514978635 -8.2069902725 0.0169470843 0.0739224568 0.9971199861 -0.1008915154
0.8013266930 0.5964725621 -0.0457822434 -6.2113874046 -0.5981971534 0.7997011116 -0.0513643635 -8.2653723704 0.0059746774 0.0685464432 0.9976300358 -0.1111009394
0.7912706342 0.6104186480 -0.0357750980 -6.3239835943 -0.6114546398 0.7895422832 -0.0524042602 -8.2584368460 -0.0037425851 0.0633408019 0.9979849377 -0.0974977738
0.7730994352 0.6332119833 -0.0368761091 -6.3814707188 -0.6342788417 0.7715315490 -0.0492891455 -8.3286185360 -0.0027593960 0.0614951463 0.9981035681 -0.0785546086
0.7579144104 0.6511627384 -0.0394060232 -6.4747989157 -0.6523539670 0.7565100071 -0.0461184438 -8.3614238126 -0.0002195613 0.0606605088 0.9981584315 -0.0897166306
0.7604912674 0.6475536383 -0.0482422821 -6.5806558819 -0.6493342109 0.7588602593 -0.0499618808 -8.3933174648 0.0042561530 0.0693209382 0.9975853310 -0.0907469529
0.7631569351 0.6438228168 -0.0555308293 -6.6763786081 -0.6460540130 0.7620539209 -0.0434515129 -8.4416456345 0.0143424107 0.0690362385 0.9975110491 -0.1505079775
0.7619967368 0.6453038484 -0.0542578682 -6.7664335773 -0.6471313572 0.7619116013 -0.0266780489 -8.4806369135 0.0241242516 0.0554405541 0.9981705092 -0.1628939709
0.7603574957 0.6469981941 -0.0570071537 -6.8826850017 -0.6485536838 0.7610621263 -0.0127498660 -8.4831864850 0.0351368453 0.0466666557 0.9982923546 -0.1303554594
0.7510571860 0.6577540131 -0.0572080554 -6.9596989765 -0.6595198824 0.7514574176 -0.0185815595 -8.5275808286 0.0307673222 0.0516856637 0.9981893428 -0.1115378061
0.7495401421 0.6590778619 -0.0616923607 -7.0535640511 -0.6614302872 0.7494057315 -0.0300170747 -8.5728775846 0.0264490194 0.0633041983 0.9976437379 -0.1193206784
0.7346520997 0.6746093455 -0.0720314055 -7.1468715505 -0.6778346054 0.7343426496 -0.0357927466 -8.6072831953 0.0287496118 0.0751205957 0.9967599289 -0.1365111490
0.7129731712 0.6964759686 -0.0811817851 -7.2494561129 -0.7004721826 0.7126944718 -0.0374874830 -8.6443660449 0.0317486784 0.0835931518 0.9959940795 -0.1812410276
0.6799644718 0.7303226921 -0.0653994082 -7.3356014523 -0.7330639834 0.6790692753 -0.0384982538 -8.6866651885 0.0162945804 0.0741193955 0.9971162429 -0.2141022966
0.6587447291 0.7509824406 -0.0456153022 -7.4234354481 -0.7523662796 0.6575812388 -0.0391394395 -8.6614161488 0.0006027352 0.0601023147 0.9981920399 -0.1758703947
0.6419004718 0.7657329888 -0.0402091303 -7.5049249635 -0.7667725943 0.6406724367 -0.0399827145 -8.7317561390 -0.0048552020 0.0564961825 0.9983910098 -0.1391430670
0.6328973106 0.7729468794 -0.0446555243 -7.6053818637 -0.7742218535 0.6314868407 -0.0424840160 -8.7705792987 -0.0046385116 0.0614613023 0.9980986888 -0.1615982580
0.6237741119 0.7796740933 -0.0549014158 -7.7031503463 -0.7815976324 0.6219297416 -0.0480472426 -8.7576649715 -0.0033163669 0.0728814427 0.9973350977 -0.1748010729
0.6254312174 0.7776829191 -0.0636008628 -7.8214797206 -0.7802687856 0.6237649184 -0.0458033709 -8.7636487361 0.0040514878 0.0782726260 0.9969237591 -0.2218695738
0.6278709429 0.7760159524 -0.0598107071 -7.9278824584 -0.7782211141 0.6271459482 -0.0325554483 -8.8142198637 0.0122464954 0.0669865752 0.9976787169 -0.2572401474
0.6169549672 0.7850564326 -0.0552536519 -8.0343708870 -0.7867704551 0.6169441153 -0.0192927346 -8.7904625728 0.0189425300 0.0553746892 0.9982859432 -0.2230655918
0.6213225896 0.7808421783 -0.0651439352 -8.1314684006 -0.7831037133 0.6216359380 -0.0178138945 -8.7969813693 0.0265859711 0.0620826326 0.9977168601 -0.1944199403
0.6210885173 0.7800355947 -0.0761152072 -8.2308325516 -0.7833214459 0.6209972674 -0.0277471843 -8.8407001798 0.0256235443 0.0768561317 0.9967128819 -0.2242572839
0.5988643148 0.7967683461 -0.0807572608 -8.3121487412 -0.8006550128 0.5978942591 -0.0383927784 -8.8551316525 0.0176941521 0.0876507706 0.9959941061 -0.2338411158
0.5704162068 0.8162017124 -0.0918701021 -8.4293230273 -0.8211757149 0.5690546209 -0.0429800374 -8.8722519295 0.0171987260 0.0999580067 0.9948430030 -0.2509380907
0.5368940245 0.8382213942 -0.0955494675 -8.5239503042 -0.8436103955 0.5345077967 -0.0512144115 -8.8729514414 0.0081429199 0.1081032356 0.9941063239 -0.3042795633
0.4944796698 0.8654037186 -0.0810324625 -8.6078233913 -0.8690706346 0.4907191929 -0.0625372350 -8.8903004489 -0.0143557711 0.1013463250 0.9947476234 -0.2930030020
0.4708150838 0.8798688153 -0.0645292550 -8.7022811130 -0.8817915825 0.4670089655 -0.0659259521 -8.9217988444 -0.0278704488 0.0879402866 0.9957357803 -0.2584807616
0.4519999119 0.8900762088 -0.0588253540 -8.8026837590 -0.8915374119 0.4486085951 -0.0625409593 -8.9250429906 -0.0292766605 0.0807135119 0.9963072850 -0.2499065985
0.4508425945 0.8906079950 -0.0596519425 -8.8793579369 -0.8920824745 0.4472891480 -0.0641971714 -8.8766329639 -0.0304928476 0.0821572718 0.9961527839 -0.2527305109
0.4611586020 0.8846045216 -0.0693367453 -8.9960687310 -0.8870045013 0.4575100998 -0.0625101857 -8.8949227878 -0.0235745317 0.0903291150 0.9956329105 -0.2820663350
0.4784727367 0.8749112101 -0.0747944826 -9.1174716355 -0.8780663172 0.4759420143 -0.0497869622 -8.9062133839 -0.0079613347 0.0894962199 0.9959553423 -0.3385655722
0.4926825640 0.8669482732 -0.0752634228 -9.2325153272 -0.8701935898 0.4913441475 -0.0366612190 -8.9024058538 0.0051968618 0.0835560914 0.9964895244 -0.3303827116
0.4973576575 0.8636564455 -0.0820542788 -9.3432066443 -0.8674842201 0.4962180469 -0.0351962761 -8.9110938255 0.0103193233 0.0886859295 0.9960061835 -0.2985304741
0.5008507436 0.8603234861 -0.0948263251 -9.4361487567 -0.8654825176 0.4989974726 -0.0440628421 -8.8935340455 0.0094097986 0.1041394338 0.9945181919 -0.2981115383
0.5003616104 0.8602918208 -0.0976536840 -9.5481837116 -0.8658072845 0.4976846881 -0.0518430070 -8.9078729788 0.0040006284 0.1104895214 0.9938692372 -0.3432052072
0.4861708480 0.8685456677 -0.0962617766 -9.6411898093 -0.8738402260 0.4840079015 -0.0462559268 -8.9345041625 0.0064160757 0.1066056958 0.9942806745 -0.3516244873
0.4649575784 0.8807902766 -0.0895708597 -9.7309070142 -0.8853269749 0.4621967173 -0.0506985410 -8.9242324236 -0.0032554247 0.1028721691 0.9946892575 -0.3863075434
0.4368425254 0.8967735930 -0.0704679425 -9.8328426265 -0.8992256103 0.4332844479 -0.0604804848 -8.9081881230 -0.0237046381 0.0897870263 0.9956788539 -0.3734226465
0.4269027132 0.9025996211 -0.0553895067 -9.9199931965 -0.9037956602 0.4238242202 -0.0593837933 -8.9534979613 -0.0301243748 0.0754118983 0.9966973300 -0.3401634437
0.4022616907 0.9138965570 -0.0545766926 -10.0177686135 -0.9151740899 0.3997428105 -0.0515952582 -8.9290348015 -0.0253360883 0.0707019708 0.9971756686 -0.3381939567
0.3957842070 0.9162821647 -0.0614967984 -10.1096186733 -0.9180051325 0.3929325039 -0.0535782055 -8.8782572973 -0.0249286631 0.0776597841 0.9966682094 -0.3504628413
0.3989532940 0.9140802244 -0.0727572164 -10.2267961274 -0.9166697261 0.3955300948 -0.0572062701 -8.8607087068 -0.0235134515 0.0895169676 0.9957077032 -0.3757237066
0.4231653661 0.9030458441 -0.0737514504 -10.3461625334 -0.9059662287 0.4205979606 -0.0481928215 -8.8868580085 -0.0125006175 0.0872098563 0.9961115277 -0.4362446369
0.4156332983 0.9067123101 -0.0715663891 -10.4581621289 -0.9095315525 0.4142450566 -0.0339615684 -8.8641953674 -0.0011473492 0.0792074477 0.9968574942 -0.4070582221
0.4341807771 0.8973861449 -0.0786457866 -10.5611154561 -0.9007967308 0.4332099071 -0.0299069577 -8.8280464816 0.0072320444 0.0838288936 0.9964539197 -0.4046505394
0.4424896018 0.8926655557 -0.0857388946 -10.6677952166 -0.8967722613 0.4406292440 -0.0405632923 -8.8357249041 0.0015696104 0.0948370974 0.9954915677 -0.4083706816
0.4353803346 0.8959886699 -0.0874543748 -10.7677516882 -0.9002122728 0.4324560650 -0.0509864265 -8.8384428372 -0.0078630856 0.1009259890 0.9948628632 -0.4115765039
0.4230980703 0.9011477987 -0.0944492870 -10.8657985771 -0.9060683532 0.4201754178 -0.0499275228 -8.8295928151 -0.0053068086 0.1067017485 0.9942769104 -0.4213056993
0.3945694549 0.9135794841 -0.0984249534 -10.9749075809 -0.9188432304 0.3915335022 -0.0492811783 -8.8278318928 -0.0064856068 0.1098819498 0.9939234850 -0.4881356274
0.3719693148 0.9237005957 -0.0917389686 -11.0781611274 -0.9281097674 0.3684072154 -0.0537436812 -8.7816943954 -0.0158457723 0.1051348331 0.9943317245 -0.4628522300
0.3795522136 0.9213688447 -0.0837828695 -11.1990576139 -0.9250389798 0.3764131240 -0.0511472956 -8.8171683115 -0.0155885530 0.0969154894 0.9951705306 -0.4579394208
0.3506202506 0.9330610688 -0.0803895623 -11.2805433211 -0.9364219835 0.3480630648 -0.0443392801 -8.7941115967 -0.0133906186 0.0908248029 0.9957768558 -0.4536549079
0.3510507518 0.9331368587 -0.0775820375 -11.3622206585 -0.9362548937 0.3485855910 -0.0437591097 -8.7036417943 -0.0137892578 0.0879982306 0.9960251843 -0.4500965603
0.3608916766 0.9292719629 -0.0788087350 -11.4717169561 -0.9325152476 0.3583750623 -0.0445267085 -8.7261697426 -0.0131343365 0.0895596655 0.9958948516 -0.4711657628
0.3846625370 0.9204280885 -0.0696194413 -11.5881225039 -0.9229941586 0.3826586633 -0.0406710055 -8.7174607096 -0.0107942535 0.0799029498 0.9967442012 -0.5390585756
0.3793261081 0.9238762940 -0.0506388887 -11.6891466841 -0.9251553398 0.3778784558 -0.0359926364 -8.7221566297 -0.0141173984 0.0605017850 0.9980682507 -0.5215127491
0.3928129271 0.9183969949 -0.0473810523 -11.7783560398 -0.9194698948 0.3913019572 -0.0381823363 -8.6580306298 -0.0165262444 0.0585639664 0.9981468555 -0.4758991208
0.4056157775 0.9123725424 -0.0552465820 -11.8858876240 -0.9138341561 0.4034873208 -0.0458815548 -8.6346482249 -0.0195697754 0.0690964962 0.9974180157 -0.4823411300
0.3990408916 0.9145837835 -0.0655962632 -11.9816642031 -0.9166623895 0.3961626218 -0.0527753795 -8.6649581726 -0.0222807187 0.0811891619 0.9964496423 -0.5012855562
0.3824141769 0.9205580467 -0.0795756237 -12.0825865496 -0.9238292609 0.3793152702 -0.0515695887 -8.6509857523 -0.0172885506 0.0932352314 0.9954939968 -0.5365186624
0.3399997318 0.9368800702 -0.0815837998 -12.2008176347 -0.9401808146 0.3366508103 -0.0522136750 -8.6412212213 -0.0214526992 0.0944561588 0.9952978528 -0.6046632296
0.3014586842 0.9509228387 -0.0697740393 -12.2780059033 -0.9527342168 0.2975232220 -0.0614609194 -8.5742102309 -0.0376851950 0.0850040426 0.9956676849 -0.5725393079
0.3185481856 0.9460077954 -0.0599691960 -12.3880992983 -0.9468634752 0.3145929178 -0.0669391912 -8.6077665339 -0.0444591124 0.0781059992 0.9959532319 -0.5395410405
0.2872312361 0.9558260045 -0.0624088620 -12.4823194925 -0.9568200433 0.2832722356 -0.0652092429 -8.6088733899 -0.0446499923 0.0784441815 0.9959181134 -0.5316585651
0.2770306915 0.9580724919 -0.0731511874 -12.5672820454 -0.9599419088 0.2726332822 -0.0646732181 -8.5186691571 -0.0420181829 0.0881373568 0.9952217234 -0.5247426767
0.2943635756 0.9513753832 -0.0907467109 -12.6671181888 -0.9548453582 0.2887739635 -0.0698565663 -8.5151988389 -0.0402545302 0.1072123043 0.9934209051 -0.5659862624
0.3081430190 0.9467675920 -0.0931611859 -12.7854875938 -0.9507136331 0.3029069837 -0.0662642222 -8.5162415272 -0.0345176443 0.1089884670 0.9934435295 -0.6430066470
0.2950333405 0.9518153627 -0.0836829930 -12.8854178251 -0.9551631295 0.2915200186 -0.0517636436 -8.4706293677 -0.0248741635 0.0952029102 0.9951470655 -0.6171052399
0.2998052469 0.9498981360 -0.0883761571 -12.9802769391 -0.9539923325 0.2981319218 -0.0318745469 -8.3981908613 -0.0039298191 0.0938663327 0.9955770528 -0.5798317755
0.3022683447 0.9473924990 -0.1052677566 -13.0732555899 -0.9532227334 0.3003594748 -0.0339205893 -8.3898646476 -0.0005179438 0.1105967391 0.9938652288 -0.5844860199
0.3119492263 0.9430582672 -0.1154503563 -13.1860699978 -0.9500790536 0.3088482562 -0.0443006375 -8.3815006282 -0.0061214413 0.1235065149 0.9923248806 -0.6148620751
0.3004506499 0.9460754734 -0.1211222757 -13.2959663323 -0.9537727472 0.2970982094 -0.0452791412 -8.3873474213 -0.0068522738 0.1291272731 0.9916043534 -0.6228638986
0.2753895789 0.9534146880 -0.1231300637 -13.3822113027 -0.9613009703 0.2720715107 -0.0433305626 -8.3473941465 -0.0078118124 0.1302978351 0.9914441234 -0.6664018213
0.2297157988 0.9672207575 -0.1082342743 -13.4695197643 -0.9729007149 0.2251951539 -0.0524532322 -8.3518916218 -0.0263600209 0.1173505390 0.9927406511 -0.6850051497
0.2234634677 0.9697107921 -0.0986157106 -13.5310762527 -0.9738923301 0.2179806771 -0.0633889086 -8.2412915518 -0.0399725894 0.1102061895 0.9931046208 -0.6124092073
0.2252231763 0.9691338306 -0.1002703313 -13.6641363533 -0.9733579900 0.2192673250 -0.0670526916 -8.2999176020 -0.0429970246 0.1127007483 0.9926982408 -0.6171122297
0.2156614277 0.9710865109 -0.1023774243 -13.7490598023 -0.9755386152 0.2096948978 -0.0659731773 -8.2872337316 -0.0425976390 0.1141010003 0.9925554911 -0.6434672106
0.2109843054 0.9715995210 -0.1071447324 -13.8365215909 -0.9763111140 0.2040797207 -0.0718893330 -8.2436317263 -0.0479815744 0.1197741140 0.9916410289 -0.6414215484
0.2264236416 0.9674868529 -0.1127010381 -13.9245851039 -0.9731026511 0.2196441206 -0.0694815858 -8.1689684466 -0.0424684004 0.1254019526 0.9911966431 -0.6733254181
0.2362966379 0.9658559474 -0.1062364713 -14.0362958689 -0.9712827619 0.2316540730 -0.0542787882 -8.1739537148 -0.0278153791 0.1160115484 0.9928583108 -0.7275696048
0.2162471685 0.9711612972 -0.1004136289 -14.1214003930 -0.9761878697 0.2132597859 -0.0397178394 -8.0977709679 -0.0171582395 0.1066114368 0.9941527027 -0.6763648864
0.2328878718 0.9666264261 -0.1067548194 -14.2024311444 -0.9724191596 0.2300138681 -0.0386600374 -8.0453910006 -0.0128147248 0.1128138856 0.9935334972 -0.6526048689
0.2383201289 0.9643477705 -0.1150516999 -14.3091612608 -0.9710116506 0.2343504563 -0.0470769379 -8.0473540490 -0.0184361217 0.1229359230 0.9922433513 -0.6892422845
0.2159650543 0.9693565840 -0.1170765068 -14.3982654121 -0.9761827256 0.2118231796 -0.0468852522 -8.0222311076 -0.0206490099 0.1244136396 0.9920155567 -0.6933647411
0.1813586505 0.9758598481 -0.1216823598 -14.4858877505 -0.9832744594 0.1778320893 -0.0393330087 -7.9727486031 -0.0167444756 0.1267805379 0.9917894523 -0.7224185662
0.1496255922 0.9819961092 -0.1153075176 -14.5685879616 -0.9884028183 0.1454958644 -0.0434835852 -7.9330002814 -0.0259239445 0.1204765325 0.9923776268 -0.7672185129
0.1272108824 0.9866207811 -0.1019648256 -14.6380576389 -0.9910425218 0.1222179828 -0.0538282888 -7.8588505997 -0.0406461731 0.1078990220 0.9933306044 -0.7113655564
0.1346431638 0.9864952582 -0.0932648060 -14.7459386149 -0.9900556237 0.1300606908 -0.0536104350 -7.8645111589 -0.0407563548 0.0995556242 0.9941969610 -0.6822950720
0.1391803952 0.9861107943 -0.0906328799 -14.8308866681 -0.9895427915 0.1349951202 -0.0508072956 -7.8657848914 -0.0378666261 0.0967564925 0.9945875023 -0.7081788553
0.1487182611 0.9845907786 -0.0919993341 -14.9093434102 -0.9879430401 0.1438849206 -0.0571461205 -7.7986017006 -0.0430282264 0.0993887735 0.9941179223 -0.6920818915
0.1580267760 0.9821495386 -0.1020285350 -15.0081601915 -0.9866346698 0.1528947063 -0.0563492430 -7.7610042641 -0.0397437601 0.1095695791 0.9931842432 -0.7096607908
0.1618332367 0.9816286774 -0.1010699918 -15.1071917654 -0.9862423528 0.1573900890 -0.0505408883 -7.7233802820 -0.0337049703 0.1078587020 0.9935947239 -0.8026488627
0.1511012125 0.9843998414 -0.0901408672 -15.1815848954 -0.9881069087 0.1477785464 -0.0424998607 -7.6390782478 -0.0285159698 0.0954905941 0.9950218017 -0.7560613786
0.1633317271 0.9822621379 -0.0921077597 -15.2702155915 -0.9864586229 0.1611893725 -0.0302881425 -7.5830684695 -0.0149041036 0.0958075084 0.9952882944 -0.7179374670
0.1714125288 0.9799171690 -0.1018827109 -15.3641686564 -0.9851319247 0.1692720385 -0.0293609941 -7.5593833985 -0.0115254481 0.1054007534 0.9943630349 -0.7474350150
0.1593460939 0.9811506012 -0.1093266669 -15.4449149721 -0.9870652328 0.1563623385 -0.0353983795 -7.5490479693 -0.0176365680 0.1135531455 0.9933753745 -0.7532372466
0.1524922709 0.9809804170 -0.1200979963 -15.5434767948 -0.9881731605 0.1493597322 -0.0347199543 -7.4835667528 -0.0161217907 0.1239721413 0.9921547238 -0.7570064673
0.1319957949 0.9835096001 -0.1236364696 -15.6403383995 -0.9910426500 0.1283848769 -0.0367666869 -7.4603749365 -0.0202873366 0.1273820625 0.9916462243 -0.8302214411
0.1038442429 0.9884024183 -0.1108017719 -15.7218088283 -0.9937832347 0.0986176356 -0.0516666654 -7.4385933849 -0.0401404483 0.1154782290 0.9924986262 -0.8458084733
0.0979213150 0.9905347732 -0.0961887681 -15.7933232407 -0.9935744435 0.0917920925 -0.0662120613 -7.3340899245 -0.0567559808 0.1020542739 0.9931584384 -0.7732149045
0.0974159226 0.9913069431 -0.0884346228 -15.8941033111 -0.9934962060 0.0915967918 -0.0676410848 -7.3478505749 -0.0589527493 0.0944487809 0.9937826730 -0.7576351171
0.1057049305 0.9907030226 -0.0856387101 -15.9751317033 -0.9931933247 0.1009475988 -0.0581085362 -7.3215409857 -0.0489232803 0.0911981539 0.9946302878 -0.7670946475
0.1227592726 0.9877468747 -0.0963653078 -16.0734741819 -0.9915906757 0.1180671070 -0.0529914160 -7.2746661103 -0.0409645324 0.1020601284 0.9939344230 -0.7732158046
0.1401921190 0.9844109985 -0.1062127855 -16.1798044923 -0.9894351206 0.1352843575 -0.0521179890 -7.2140568195 -0.0369365931 0.1123971915 0.9929766158 -0.8517488573
0.1371171120 0.9856908364 -0.0980432182 -16.2868659051 -0.9900589031 0.1332438375 -0.0450493966 -7.1880386153 -0.0313411228 0.1032456042 0.9941619985 -0.8760534567
0.1363352747 0.9860679924 -0.0953027139 -16.3485839002 -0.9905625703 0.1343211124 -0.0272696372 -7.0722682547 -0.0140885499 0.0981211147 0.9950747508 -0.8008463859
0.1537839366 0.9824966825 -0.1051226410 -16.4596725438 -0.9880989540 0.1525538893 -0.0196918266 -7.0562494300 -0.0033102866 0.1068998582 0.9942642819 -0.8313233950
0.1648227468 0.9798327366 -0.1129657932 -16.5677113647 -0.9863089613 0.1631202781 -0.0242158585 -7.0488929988 -0.0053004793 0.1154104984 0.9933037409 -0.8659890022
0.1502481079 0.9821868393 -0.1128473254 -16.6553261248 -0.9885887805 0.1480044379 -0.0280519068 -7.0082131893 -0.0108503087 0.1157743458 0.9932162764 -0.8488649643
0.1303859135 0.9846215112 -0.1162755059 -16.7387015858 -0.9913851284 0.1280030971 -0.0277621040 -6.9699176179 -0.0124515399 0.1188935947 0.9928289240 -0.8684963013
0.1046426936 0.9885507741 -0.1087072845 -16.8391082321 -0.9942296142 0.1013914855 -0.0350319984 -6.9346801155 -0.0236089160 0.1117458442 0.9934563329 -0.9170548658
0.0958921805 0.9904309539 -0.0992532882 -16.8901491729 -0.9948506456 0.0920750999 -0.0423599931 -6.8111388778 -0.0328158919 0.1028041899 0.9941601560 -0.8742264538
0.0938617620 0.9916469366 -0.0884665064 -17.0224623245 -0.9949031713 0.0901377812 -0.0451980104 -6.8480638778 -0.0368462939 0.0922579726 0.9950531730 -0.8630719059
0.0832653228 0.9929682091 -0.0841488075 -17.0934271224 -0.9956799080 0.0794155372 -0.0481112601 -6.8297003551 -0.0410902290 0.0877912765 0.9952910553 -0.8521394143
0.0971682173 0.9912861129 -0.0889391927 -17.1747182407 -0.9942302252 0.0925988335 -0.0541453176 -6.7698237099 -0.0454378359 0.0936872375 0.9945642788 -0.8314632177
0.1027741865 0.9897899194 -0.0987592120 -17.2889338826 -0.9936123394 0.0975023112 -0.0568138912 -6.7226509294 -0.0466045654 0.1039673731 0.9934881981 -0.8856633420
0.1169314078 0.9886119972 -0.0947278458 -17.3780745082 -0.9922124097 0.1121681020 -0.0541558032 -6.6706928626 -0.0429136341 0.1003226584 0.9940290661 -0.9539228317
0.1273984317 0.9880844706 -0.0863638730 -17.4590498354 -0.9913201970 0.1239965936 -0.0436933832 -6.5954221878 -0.0324639274 0.0911807201 0.9953050636 -0.9092181017
0.1367833672 0.9869262749 -0.0852457525 -17.5623021632 -0.9902511781 0.1339411052 -0.0382411365 -6.5785469753 -0.0263232721 0.0896454583 0.9956258219 -0.9118651721
0.1531665517 0.9841783410 -0.0890673934 -17.6537717772 -0.9877604523 0.1497861071 -0.0435133424 -6.5428202119 -0.0294838310 0.0946420374 0.9950746648 -0.9111950867
0.1372761102 0.9860012924 -0.0946399542 -17.7447245859 -0.9899051894 0.1331607981 -0.0485377974 -6.5128765448 -0.0352559991 0.1003476619 0.9943275925 -0.9080491448
0.1223569912 0.9868927777 -0.1052207776 -17.8319079200 -0.9919762657 0.1182070058 -0.0448351651 -6.4475358053 -0.0318096675 0.1098624099 0.9934376659 -0.9421885939
0.0923879926 0.9898932074 -0.1075913415 -17.9192168239 -0.9950447495 0.0877967082 -0.0466656681 -6.4064952243 -0.0367478623 0.1113695468 0.9930994002 -1.0163201484
0.0729495328 0.9924000263 -0.0990987058 -17.9906465243 -0.9961451551 0.0676484078 -0.0558437365 -6.3198910025 -0.0487154559 0.1027904701 0.9935093978 -0.9900033121
0.0862257560 0.9925499435 -0.0860797805 -18.1038142280 -0.9948994148 0.0812448177 -0.0597865713 -6.3194502132 -0.0523476219 0.0907958655 0.9944927538 -0.9555693668
0.0878660677 0.9927178797 -0.0824061012 -18.2008682539 -0.9949130736 0.0833659792 -0.0565516537 -6.3207303511 -0.0492699724 0.0869558789 0.9949930376 -0.9241008594
0.0900766480 0.9918872925 -0.0896983634 -18.2684668626 -0.9946780894 0.0850742280 -0.0581194826 -6.2436682474 -0.0500169572 0.0944562049 0.9942717583 -0.9362120624
0.1065840140 0.9888071043 -0.1044047814 -18.3649511049 -0.9927655604 0.0999925361 -0.0664683000 -6.1895412646 -0.0552846283 0.1107339295 0.9923112449 -0.9740854465
0.1247927037 0.9866017166 -0.1050896467 -18.4696801758 -0.9906628402 0.1180400277 -0.0682179508 -6.1722862223 -0.0548991626 0.1126215104 0.9921201930 -1.0409195091
0.1144329586 0.9883388819 -0.1004557243 -18.5775491679 -0.9923794200 0.1090744946 -0.0573222590 -6.1243826993 -0.0456966600 0.1062497491 0.9932888835 -1.0095412211
0.1262838856 0.9869747548 -0.0996655085 -18.6495605703 -0.9914181747 0.1221487484 -0.0465798897 -6.0336950125 -0.0337991581 0.1046924860 0.9939301285 -1.0165887666
0.1276019637 0.9863107987 -0.1044449483 -18.7511384570 -0.9912467149 0.1232215334 -0.0473962443 -6.0228585815 -0.0338775609 0.1095785657 0.9934006487 -1.0087383378
0.1271141941 0.9862092739 -0.1059870262 -18.8355456447 -0.9909355099 0.1215831779 -0.0571344563 -6.0000004989 -0.0434602912 0.1122889082 0.9927247374 -1.0287563709
0.1084519226 0.9887298452 -0.1032059774 -18.9226341607 -0.9931864195 0.1033125719 -0.0539189071 -5.9655285476 -0.0426487577 0.1083503843 0.9931975019 -1.0298200100
0.0851740837 0.9910605075 -0.1026861525 -19.0024798179 -0.9954789672 0.0802970775 -0.0507346546 -5.9045096891 -0.0420357146 0.1065431828 0.9934191205 -1.0674137092
0.0673688595 0.9930948424 -0.0960420264 -19.0946515714 -0.9962381153 0.0616969996 -0.0608530840 -5.8716598162 -0.0545073790 0.0997803302 0.9935153906 -1.1001942541
0.0737392671 0.9929721818 -0.0925676324 -19.1674832147 -0.9951129651 0.0671493022 -0.0723958412 -5.7942455383 -0.0656712044 0.0974536674 0.9930710325 -1.0535203144
0.0777130370 0.9928675970 -0.0904135983 -19.2796730720 -0.9951416025 0.0717519642 -0.0674154774 -5.7838068680 -0.0604472898 0.0952133946 0.9936199146 -1.0464177368
0.0731927031 0.9929027907 -0.0937383398 -19.3627543777 -0.9958543193 0.0676717476 -0.0607841199 -5.7538173192 -0.0540092850 0.0977986846 0.9937396110 -1.0694564615
0.0974688233 0.9897679732 -0.1042074265 -19.4583935069 -0.9935274967 0.0906291871 -0.0684796600 -5.6997211490 -0.0583347399 0.1102075755 0.9921952169 -1.0866704947
0.1125407101 0.9883527756 -0.1024371976 -19.5636960245 -0.9919638916 0.1057533791 -0.0694540178 -5.6751352263 -0.0578119914 0.1094304057 0.9923118260 -1.1541589451
0.1281888355 0.9876380070 -0.0902152403 -19.6458852214 -0.9907834650 0.1235183604 -0.0555998215 -5.5688797377 -0.0437692584 0.0965110448 0.9943690815 -1.1359353324
0.1712332421 0.9818090006 -0.0820381815 -19.7805265915 -0.9849422027 0.1685743302 -0.0383608203 -5.5729660522 -0.0238334672 0.0873715148 0.9958906487 -1.1431156883
0.1694455092 0.9816618090 -0.0873402092 -19.8772952972 -0.9853015697 0.1667905814 -0.0369014720 -5.5332159932 -0.0216572415 0.0923092339 0.9954948364 -1.1317630694
0.1815459117 0.9787640370 -0.0951947572 -19.9651632044 -0.9831906594 0.1787461670 -0.0372281499 -5.4750211315 -0.0194218763 0.1003532145 0.9947622947 -1.1394472847
0.1579056952 0.9821337651 -0.1023672744 -20.0577754467 -0.9872673442 0.1550085277 -0.0357148064 -5.4506915524 -0.0192089168 0.1067034385 0.9941053233 -1.1547471888
0.1402224446 0.9846375225 -0.1040510230 -20.1279949349 -0.9899802491 0.1376605560 -0.0314432461 -5.4045584495 -0.0166364783 0.1074175066 0.9940747994 -1.1928434710
0.1117749508 0.9890481334 -0.0963854252 -20.2202796269 -0.9936054538 0.1096763094 -0.0268199430 -5.3798461661 -0.0159550168 0.0987668820 0.9949826835 -1.2272542287
0.0532989561 0.9946695902 -0.0882701962 -20.3294827381 -0.9983735065 0.0512879384 -0.0248975666 -5.3594844178 -0.0202376559 0.0894536396 0.9957853602 -1.2158441198
0.0662608575 0.9937587744 -0.0897384927 -20.3524168231 -0.9976247372 0.0642838106 -0.0247482393 -5.2133816298 -0.0188250477 0.0911651798 0.9956578366 -1.1863173567
0.0515202039 0.9948001913 -0.0878535596 -20.5215078156 -0.9984109750 0.0492960482 -0.0273024660 -5.3059821682 -0.0228296651 0.0891205867 0.9957591714 -1.2413673426
0.0265730666 0.9963311968 -0.0813512045 -20.5872985040 -0.9991139276 0.0238138000 -0.0347024869 -5.2355423286 -0.0326378890 0.0822012730 0.9960811809 -1.2330048648
0.0689002655 0.9942074096 -0.0824886665 -20.6190029245 -0.9966555316 0.0649560704 -0.0495828633 -5.1029653748 -0.0439375104 0.0856290582 0.9953578048 -1.1966835742
0.1061428315 0.9915763146 -0.0742301257 -20.8171481385 -0.9934839604 0.1026377539 -0.0495490857 -5.2014183186 -0.0415128864 0.0790057195 0.9960094259 -1.2743053935
0.0963637340 0.9933571852 -0.0628930314 -20.9047680601 -0.9950791426 0.0946817816 -0.0292037713 -5.1641971706 -0.0230549518 0.0653977282 0.9975929061 -1.2496840525
0.1005729941 0.9920712858 -0.0753633642 -20.9721453870 -0.9949182445 0.1006461085 -0.0028368221 -5.0226960968 0.0047706996 0.0752656937 0.9971521026 -1.2109076188
0.1055035967 0.9896717407 -0.0970506912 -21.1029961513 -0.9943995747 0.1056066779 -0.0040884504 -5.0270861870 0.0062029772 0.0969385123 0.9952710424 -1.2926493910
0.0851127778 0.9905114388 -0.1079022922 -21.1967044641 -0.9963245961 0.0835594332 -0.0188446366 -5.0118683264 -0.0096495738 0.1091096271 0.9939828847 -1.2994069288
0.0621013115 0.9920768268 -0.1092107907 -21.2915837566 -0.9980250114 0.0606884393 -0.0162169679 -4.9624325497 -0.0094606456 0.1100021956 0.9938863180 -1.2858754385
0.0236461360 0.9936266270 -0.1102133678 -21.3689163574 -0.9996641893 0.0223317188 -0.0131454555 -4.9157997285 -0.0106004207 0.1104871962 0.9938210154 -1.3222587929
-0.0154522542 0.9942073145 -0.1063627921 -21.4503094754 -0.9995226312 -0.0182053100 -0.0249614972 -4.8689348686 -0.0267532707 0.1059263064 0.9940140241 -1.3531216747
-0.0435321265 0.9936624857 -0.1036330955 -21.5203383929 -0.9978499218 -0.0483323085 -0.0442664838 -4.7817909281 -0.0489947711 0.1014832621 0.9936300418 -1.2864297555
-0.0551289129 0.9933478878 -0.1010978574 -21.6647372161 -0.9968686104 -0.0605058525 -0.0509118405 -4.8374737603 -0.0566901813 0.0979745662 0.9935729504 -1.2794260411
-0.0847548716 0.9908837833 -0.1047183826 -21.7227588859 -0.9948369668 -0.0900409435 -0.0468192048 -4.7755691105 -0.0558213327 0.1002095625 0.9933992261 -1.2849737376
-0.1018935696 0.9880105017 -0.1159868489 -21.8084518087 -0.9929750824 -0.1080634184 -0.0481952618 -4.7127004359 -0.0601513602 0.1102612635 0.9920807768 -1.3148965198
-0.1030152882 0.9871814098 -0.1219045300 -21.8723122989 -0.9924003500 -0.1102966883 -0.0545544295 -4.6063642512 -0.0673007846 0.1153581580 0.9910414218 -1.3652986792
-0.0874384190 0.9898708027 -0.1118495279 -21.9872352221 -0.9946330653 -0.0929859308 -0.0453727015 -4.5741261224 -0.0553135449 0.1072819215 0.9926887735 -1.3727082988
-0.0790137672 0.9915273180 -0.1031038420 -22.1106914756 -0.9963606021 -0.0818669968 -0.0237348971 -4.5768754154 -0.0319746007 0.1008532224 0.9943873754 -1.3488983985
-0.0658167996 0.9918013493 -0.1095364431 -22.1692817885 -0.9976054443 -0.0677418849 -0.0139432611 -4.4715929596 -0.0212491503 0.1083564512 0.9938849798 -1.3586599353
-0.0540991957 0.9918288049 -0.1155374347 -22.2807076150 -0.9981555957 -0.0569071144 -0.0211420679 -4.4299003687 -0.0275442140 0.1141805681 0.9930781007 -1.3874345902
-0.0657939855 0.9910761430 -0.1159276940 -22.3728493891 -0.9973005867 -0.0691091125 -0.0248086730 -4.4236096080 -0.0325989440 0.1139824957 0.9929477829 -1.3767986072
-0.0757668310 0.9900408136 -0.1186531702 -22.4498263786 -0.9965247155 -0.0793135060 -0.0254530772 -4.3468452246 -0.0346103842 0.1163123177 0.9926094731 -1.3929044677
-0.1039085853 0.9876006472 -0.1176773879 -22.5573534669 -0.9933045975 -0.1090517650 -0.0381272761 -4.3283875282 -0.0504874494 0.1129277391 0.9923196779 -1.4342494600
-0.1143341221 0.9863137963 -0.1187973224 -22.5993592909 -0.9912516906 -0.1212003828 -0.0522546946 -4.1971215201 -0.0659378072 0.1117835520 0.9915425574 -1.3828478322
-0.1180030856 0.9856825408 -0.1204375377 -22.7425348235 -0.9901352829 -0.1260197005 -0.0612466860 -4.2146761856 -0.0755472915 0.1120221576 0.9908297750 -1.3907063721
-0.1351914886 0.9833707369 -0.1212652271 -22.8072902365 -0.9881901151 -0.1427294884 -0.0557547264 -4.1623266230 -0.0721356903 0.1122955343 0.9910530537 -1.3807391741
-0.1495467773 0.9803592997 -0.1285745108 -22.8747979319 -0.9867120786 -0.1563248239 -0.0442924760 -4.0604238832 -0.0635219285 0.1202422257 0.9907102360 -1.3840782597
-0.1470749494 0.9792375788 -0.1395088657 -22.9728648244 -0.9870710790 -0.1543876981 -0.0430711458 -3.9984877330 -0.0637153371 0.1313704800 0.9892836564 -1.4592024849
-0.1449468695 0.9811352769 -0.1279217475 -23.0469423888 -0.9876381726 -0.1512664063 -0.0411012691 -3.9221039383 -0.0596761680 0.1203829007 0.9909322440 -1.5129309251
-0.1327668880 0.9846718026 -0.1131123100 -23.1165542051 -0.9900930436 -0.1370214556 -0.0306738621 -3.8094619617 -0.0457025005 0.1079192380 0.9931086142 -1.4437919194
-0.1012093186 0.9887640510 -0.1100105691 -23.2231992148 -0.9941226407 -0.1047850066 -0.0272080450 -3.7701152798 -0.0384297950 0.1066102898 0.9935579485 -1.4392607850
-0.0692161884 0.9911223572 -0.1135147231 -23.3200095774 -0.9969960527 -0.0726892165 -0.0267422659 -3.7417568659 -0.0347561539 0.1113227332 0.9931763483 -1.4555220805
-0.0767344734 0.9905068071 -0.1140529948 -23.4111005311 -0.9963946211 -0.0803323621 -0.0272849911 -3.7006703446 -0.0361881159 0.1115480911 0.9930999162 -1.4768261319
-0.0749205102 0.9905236926 -0.1151074780 -23.4789255285 -0.9966169594 -0.0782880433 -0.0250123685 -3.6032308071 -0.0337868829 0.1128441253 0.9930380909 -1.4915829131
-0.0981522532 0.9883821020 -0.1160472128 -23.6047296557 -0.9942901388 -0.1023026921 -0.0303525808 -3.5931097566 -0.0418718899 0.1124054251 0.9927798171 -1.5418151573
-0.1456284067 0.9820890119 -0.1195555931 -23.6417548576 -0.9874407824 -0.1517667001 -0.0439040996 -3.4451424120 -0.0612622916 0.1116603843 0.9918562851 -1.4983190112
-0.1578228763 0.9807151959 -0.1152807194 -23.7451187152 -0.9848734173 -0.1647883997 -0.0535643095 -3.4313491240 -0.0715282575 0.1050832427 0.9918877056 -1.5054609175
-0.1896812685 0.9759292225 -0.1076251324 -23.8236725182 -0.9792075858 -0.1960617712 -0.0520796096 -3.3890599001 -0.0719271870 0.0955088196 0.9928265433 -1.4884049438
-0.1990882774 0.9733888903 -0.1134809501 -23.8659753827 -0.9770234790 -0.2061426255 -0.0541326105 -3.2612330595 -0.0760853426 0.1000963845 0.9920643802 -1.4682927475
-0.1924816963 0.9730743584 -0.1267954638 -23.9543731309 -0.9776982184 -0.2012288362 -0.0601094778 -3.1962245880 -0.0840058952 0.1123977248 0.9901059343 -1.5180101725
-0.1751716680 0.9768442648 -0.1228420494 -24.0749755896 -0.9812216645 -0.1834496031 -0.0595842959 -3.1751543792 -0.0807399029 0.1100977996 0.9906359284 -1.5806841991
-0.1642506940 0.9801288374 -0.1112167779 -24.1332778932 -0.9844821940 -0.1699442322 -0.0437466294 -3.0682270558 -0.0617779830 0.1023055233 0.9928328463 -1.5399717298
-0.1397338222 0.9845659572 -0.1053771076 -24.2362935409 -0.9888967955 -0.1441942816 -0.0359323956 -3.0339632167 -0.0505725898 0.0991861130 0.9937829381 -1.5575978378
-0.1257137010 0.9860171662 -0.1093901890 -24.3220312386 -0.9906557064 -0.1306479704 -0.0391456156 -2.9992805381 -0.0528898552 0.1034468747 0.9932277721 -1.5385186261
-0.1270825899 0.9850835407 -0.1160191070 -24.4020308510 -0.9899876248 -0.1332128118 -0.0466781480 -2.9323514721 -0.0614371068 0.1089255002 0.9921495438 -1.5454371817
-0.1408290989 0.9824866388 -0.1220129893 -24.5143987997 -0.9878475195 -0.1476328712 -0.0485984924 -2.8840709360 -0.0657604973 0.1136861469 0.9913379933 -1.5913884583
-0.1817373731 0.9756426388 -0.1228534436 -24.6048496154 -0.9802747853 -0.1896182593 -0.0557338420 -2.8489488821 -0.0776715688 0.1103012110 0.9908586026 -1.6124418819
-0.1794448712 0.9756950013 -0.1257728217 -24.6099465772 -0.9800199530 -0.1884436828 -0.0636385906 -2.6904017225 -0.0857929484 0.1118402562 0.9900158216 -1.5759401059
-0.2045923864 0.9710445515 -0.1233468055 -24.7635832945 -0.9744794302 -0.2139468533 -0.0679454488 -2.7349359365 -0.0923677187 0.1062978032 0.9900348386 -1.5838799630
-0.1961929448 0.9732348535 -0.1196755961 -24.8098607289 -0.9764744894 -0.2050506060 -0.0667219647 -2.6438069329 -0.0894756950 0.1037697878 0.9905684889 -1.5711757695
-0.1896646925 0.9738450750 -0.1251122468 -24.9021663218 -0.9778842934 -0.1987985568 -0.0649726296 -2.5953221442 -0.0881454094 0.1100222872 0.9900128702 -1.5746228343
-0.1782020760 0.9757789038 -0.1268840064 -24.9582512340 -0.9808740714 -0.1864142231 -0.0559981559 -2.5206034332 -0.0782948027 0.1144782443 0.9903356277 -1.6285844771
-0.1691473428 0.9787333337 -0.1160613541 -25.0512121811 -0.9832234101 -0.1757239855 -0.0489163251 -2.4436435147 -0.0682708016 0.1058401740 0.9920367711 -1.6843903384
-0.1581355649 0.9821944331 -0.1014260259 -25.1217925950 -0.9862375139 -0.1621311601 -0.0323890882 -2.3744503635 -0.0482567014 0.0949082848 0.9943156985 -1.6180777889
-0.1532742215 0.9828224748 -0.1027958948 -25.2207175813 -0.9872922631 -0.1567226781 -0.0263056930 -2.3379704994 -0.0419642743 0.0974576070 0.9943545718 -1.6346827087
-0.1499794192 0.9826002061 -0.1095582438 -25.2865552121 -0.9875522825 -0.1541968157 -0.0310456339 -2.2692013046 -0.0473989786 0.1035382876 0.9934954252 -1.6424826096
-0.1700780667 0.9786150189 -0.1156982975 -25.3695342884 -0.9842112875 -0.1745315745 -0.0294426723 -2.2180667864 -0.0490060473 0.1088640175 0.9928479405 -1.6320718057
-0.1802587754 0.9757079518 -0.1245020748 -25.4290099590 -0.9826219384 -0.1843260229 -0.0218642052 -2.1174795549 -0.0442820512 0.1183972552 0.9919784221 -1.6669470817
-0.2037963437 0.9707213548 -0.1271499177 -25.5409640321 -0.9776196890 -0.2087099218 -0.0264558560 -2.0920235959 -0.0522187137 0.1189126563 0.9915306279 -1.7498170879
-0.2445887536 0.9619224276 -0.1219901015 -25.5637887509 -0.9668996392 -0.2513923580 -0.0436688683 -1.9625026130 -0.0726734430 0.1072712711 0.9915701917 -1.6986024903
-0.2353006671 0.9649640252 -0.1160949018 -25.6950321406 -0.9687785854 -0.2424603317 -0.0517787612 -1.9582940950 -0.0781130502 0.1002866777 0.9918875610 -1.6411424340
-0.2386654341 0.9642538566 -0.1151230235 -25.7783905346 -0.9682274206 -0.2453954917 -0.0481322628 -1.9264517156 -0.0746623910 0.0999777607 0.9921844459 -1.6525564959
-0.2514086136 0.9600302642 -0.1230268293 -25.8132617693 -0.9650399841 -0.2583693963 -0.0440804280 -1.8118493566 -0.0741049125 0.1076436101 0.9914238827 -1.6498023934
-0.2520708152 0.9583085982 -0.1345545789 -25.9033555137 -0.9646043247 -0.2599500511 -0.0443223165 -1.7351310156 -0.0774519267 0.1186195663 0.9899144395 -1.7144274081
-0.2425535668 0.9617359673 -0.1274036750 -25.9703322036 -0.9673813802 -0.2496626350 -0.0429165918 -1.6387601690 -0.0730823671 0.1128383706 0.9909220301 -1.7682034096
-0.2395272290 0.9642808624 -0.1130890140 -26.0560566814 -0.9690821543 -0.2445581170 -0.0327277495 -1.5777064779 -0.0592155788 0.1017533582 0.9930457035 -1.7209628336
-0.2220480995 0.9687433141 -0.1105940000 -26.1403166013 -0.9737301293 -0.2261874695 -0.0262462171 -1.5234040535 -0.0504408244 0.1018607873 0.9935190503 -1.7128533509
-0.2152950127 0.9696282489 -0.1160565225 -26.2195803755 -0.9751885546 -0.2197424672 -0.0268427092 -1.4672936022 -0.0515299957 0.1073978910 0.9928798279 -1.7139129820
-0.2268940104 0.9660695354 -0.1234048658 -26.2974162534 -0.9722093993 -0.2321754937 -0.0300570140 -1.3891653097 -0.0576887512 0.1131556140 0.9919011115 -1.7372884702
-0.2319519271 0.9641211223 -0.1291075718 -26.3642778227 -0.9710272708 -0.2373415078 -0.0278396851 -1.3086446767 -0.0574834142 0.1189095045 0.9912397222 -1.7562182340
-0.2628596785 0.9563008789 -0.1280367853 -26.4852935412 -0.9628677622 -0.2684718248 -0.0284350445 -1.2713740639 -0.0615667275 0.1158080663 0.9913617049 -1.8215104618
-0.2844227410 0.9505693107 -0.1245860749 -26.4806498141 -0.9564627046 -0.2902239752 -0.0308080974 -1.1153500719 -0.0654430978 0.1103994107 0.9917303923 -1.7669990277
-0.2724645150 0.9549654132 -0.1174910536 -26.6420084049 -0.9597717383 -0.2783614805 -0.0367844609 -1.1143899768 -0.0678328715 0.1027421324 0.9923924404 -1.7802673536
-0.2781389475 0.9536990077 -0.1144418132 -26.6950785541 -0.9579609973 -0.2841424066 -0.0396714065 -1.0624332129 -0.0703523532 0.0985966302 0.9926375224 -1.7486411432
-0.2751518985 0.9533689766 -0.1240122055 -26.7208448432 -0.9583038459 -0.2823194499 -0.0441527712 -0.9334475982 -0.0771049399 0.1066926546 0.9912978895 -1.7277965283
-0.2627113355 0.9559636183 -0.1308293341 -26.8453756631 -0.9620410614 -0.2699044332 -0.0403558312 -0.8914051084 -0.0738901237 0.1152612571 0.9905832081 -1.8041259074
-0.2521763073 0.9601411009 -0.1205660663 -26.9156431899 -0.9653164664 -0.2583050325 -0.0379819677 -0.8145450090 -0.0676108699 0.1068062568 0.9919784240 -1.8757137848
-0.2399543426 0.9651492916 -0.1044450016 -26.9635404478 -0.9688376872 -0.2448928826 -0.0371619684 -0.6987596369 -0.0614446850 0.0922730781 0.9938361182 -1.8183587375
-0.2289760051 0.9680906424 -0.1018356379 -27.0836624772 -0.9720222337 -0.2330181304 -0.0295859446 -0.6572355107 -0.0523714261 0.0922120328 0.9943611893 -1.7640338097
-0.2242830663 0.9674010831 -0.1176105886 -27.1398533552 -0.9731704809 -0.2286930894 -0.0252722388 -0.5685762284 -0.0513451201 0.1087870178 0.9927381646 -1.7792001992
-0.2328529784 0.9636868325 -0.1307179376 -27.2302155102 -0.9711061040 -0.2376310809 -0.0220091831 -0.5122877341 -0.0522726048 0.1218160833 0.9911752704 -1.8284168182
-0.2544612559 0.9573256390 -0.1370295229 -27.2993450513 -0.9661952310 -0.2577324828 -0.0063830182 -0.4261270857 -0.0414275861 0.1307730407 0.9905463982 -1.8516522587
-0.2897402210 0.9467141864 -0.1406515326 -27.3682811397 -0.9558797903 -0.2936619470 -0.0075158056 -0.3376822823 -0.0484193227 0.1322683263 0.9900306354 -1.9158832740
-0.3146561918 0.9390884927 -0.1382182469 -27.4004799744 -0.9465960850 -0.3212367565 -0.0276188002 -0.2010082919 -0.0703372788 0.1221464249 0.9900166252 -1.8849016393
-0.3193933820 0.9389639651 -0.1278066499 -27.5276792026 -0.9445121687 -0.3263544742 -0.0372762702 -0.1986428338 -0.0767113465 0.1088091421 0.9910983503 -1.8368245071
-0.3252347716 0.9372546300 -0.1256029530 -27.5726263460 -0.9427971576 -0.3316656958 -0.0336360785 -0.1274894324 -0.0731837611 0.1074784847 0.9915102180 -1.8132913773
-0.3249682193 0.9358807233 -0.1360989650 -27.6468151847 -0.9425328950 -0.3323139559 -0.0346291305 -0.0468230157 -0.0776363211 0.1170243846 0.9900898419 -1.8402198449
-0.3244848632 0.9352859637 -0.1412435470 -27.6964473552 -0.9420672266 -0.3329627816 -0.0405601610 0.0553075707 -0.0849641936 0.1198997583 0.9891436366 -1.9192825557
-0.3140477534 0.9410009557 -0.1260603429 -27.7756841087 -0.9461239600 -0.3212235884 -0.0408026785 0.1358933449 -0.0788889151 0.1064547214 0.9911830968 -1.9264634137
-0.3023244621 0.9463954592 -0.1137345789 -27.8310769075 -0.9513348553 -0.3070464503 -0.0261623849 0.2407094596 -0.0596817610 0.1002901402 0.9931666402 -1.8717494701
-0.2824919104 0.9519793706 -0.1180406647 -27.9309759426 -0.9577052969 -0.2869125618 -0.0219487160 0.3130323000 -0.0547620743 0.1068478351 0.9927661635 -1.8846909041
-0.2602906011 0.9570725439 -0.1275184253 -28.0375702342 -0.9638469709 -0.2653560755 -0.0241902834 0.3462028557 -0.0569896450 0.1166117446 0.9915411648 -1.8967694397
-0.2679501983 0.9543257933 -0.1321551036 -28.1130015570 -0.9615431749 -0.2734837209 -0.0253254278 0.4120488123 -0.0603109784 0.1202868845 0.9909054704 -1.9244285081
-0.2768968500 0.9521251894 -0.1295598632 -28.1696782608 -0.9593706803 -0.2815349668 -0.0186000059 0.5043346684 -0.0541851659 0.1191456510 0.9913971362 -1.9506442146
-0.3180087081 0.9395313579 -0.1270877218 -28.2719071791 -0.9459317739 -0.3234569844 -0.0242622844 0.5559489737 -0.0639025883 0.1125006963 0.9915947017 -1.9925218185
-0.3380429619 0.9325470698 -0.1268184470 -28.1797841802 -0.9377653300 -0.3451474818 -0.0383327757 0.7430647440 -0.0795181853 0.1059678178 0.9911849877 -1.9235871299
-0.3389912703 0.9324121036 -0.1252700592 -28.4379206841 -0.9369803876 -0.3465824228 -0.0441404283 0.6981427618 -0.0845734703 0.1024123687 0.9911402700 -1.9305550290
-0.3542347849 0.9265606882 -0.1265029967 -28.4610574797 -0.9313013496 -0.3618023252 -0.0421529791 0.7531336240 -0.0848263717 0.1028803601 0.9910701883 -1.9323765929
-0.3631835875 0.9219347131 -0.1346627881 -28.5053270705 -0.9274305821 -0.3715655299 -0.0425625693 0.8743095398 -0.0892759604 0.1094323614 0.9899769498 -1.9292638408
-0.3575621875 0.9234340343 -0.1393515925 -28.5578370250 -0.9296388300 -0.3661702482 -0.0411217109 0.9866776010 -0.0889995946 0.1148430825 0.9893887702 -1.9810426899
-0.3342416365 0.9336136556 -0.1290274021 -28.6524421478 -0.9393885081 -0.3410985541 -0.0346555519 1.0681046168 -0.0763659567 0.1096235304 0.9910352780 -2.0116441878
-0.3141622495 0.9419702848 -0.1182965069 -28.7394706753 -0.9479092491 -0.3181423934 -0.0159208323 1.1307100042 -0.0526320848 0.1071326286 0.9928506754 -1.9681168840
-0.3058090014 0.9437474205 -0.1257841840 -28.8095844246 -0.9508897344 -0.3093850425 -0.0094661798 1.2201803101 -0.0478494278 0.1167120463 0.9920124649 -1.9795044478
-0.2899897778 0.9472291650 -0.1366119971 -28.8866311628 -0.9554769478 -0.2946826484 -0.0150312652 1.2843018824 -0.0544952379 0.1261707008 0.9905105872 -2.0089142992
-0.3038502726 0.9430168089 -0.1356256241 -28.9789779841 -0.9510706070 -0.3086076091 -0.0150347659 1.3388275941 -0.0560331366 0.1244212269 0.9906460750 -2.0134951542
-0.3088691234 0.9419560292 -0.1316005458 -28.9797377450 -0.9497873716 -0.3127540350 -0.0094266785 1.4618737951 -0.0500381184 0.1220809266 0.9912580058 -2.0246048419
-0.3284153558 0.9355744172 -0.1297839127 -29.1324688311 -0.9427425544 -0.3331408680 -0.0159260258 1.4844178239 -0.0581363076 0.1171224659 0.9914143925 -2.0739114874
-0.3599915553 0.9235378777 -0.1322265804 -29.0845004493 -0.9292062760 -0.3676189879 -0.0378414643 1.6395969415 -0.0835570273 0.1092431607 0.9904969233 -2.0312782839
-0.3679469396 0.9211304830 -0.1270184353 -29.2591343708 -0.9252057546 -0.3763096153 -0.0488404046 1.6470003176 -0.0927866440 0.0995475099 0.9906971949 -2.0076972048
-0.3823806716 0.9154527955 -0.1254240851 -29.2909286361 -0.9201631035 -0.3896315703 -0.0385629664 1.7256227391 -0.0841717587 0.1006648825 0.9913534670 -1.9765653122
-0.3871899058 0.9117345972 -0.1372005870 -29.3264070617 -0.9184698497 -0.3944223506 -0.0290541640 1.8584472097 -0.0806046645 0.1147651235 0.9901170913 -2.0072846211
-0.3750363112 0.9143220955 -0.1528491769 -29.3821660701 -0.9227220158 -0.3840330519 -0.0332068764 1.9626792138 -0.0890609167 0.1285835161 0.9876914662 -2.0754329490
-0.3535461933 0.9247756697 -0.1406948825 -29.5064394954 -0.9318309778 -0.3613419315 -0.0335117499 2.0001151931 -0.0818298115 0.1192558984 0.9894856809 -2.1217654403
-0.3461677549 0.9300726610 -0.1230151645 -29.5421399322 -0.9360067503 -0.3512913841 -0.0220392103 2.1077684545 -0.0637122344 0.1075137604 0.9921600388 -2.0620336867
-0.3284669916 0.9362882944 -0.1243931876 -29.6341788643 -0.9426940397 -0.3331530830 -0.0183567661 2.1677556841 -0.0586291991 0.1112351248 0.9920631855 -2.0438470467
-0.3186309835 0.9380832369 -0.1359195974 -29.7165669787 -0.9457144836 -0.3243027989 -0.0212558256 2.2367233759 -0.0640188395 0.1217683673 0.9904918237 -2.0653869750
-0.3234475877 0.9355432606 -0.1419171079 -29.7815214047 -0.9437078384 -0.3299092127 -0.0239880639 2.3230337997 -0.0692616328 0.1261694057 0.9895878472 -2.0790211745
-0.3242462271 0.9346060272 -0.1462051922 -29.8721501495 -0.9437245508 -0.3302379679 -0.0180791815 2.4061908121 -0.0651794176 0.1321153230 0.9890890683 -2.1036198893
-0.3640492850 0.9187034611 -0.1531406823 -29.9635982908 -0.9282254463 -0.3713989576 -0.0214554204 2.4676206857 -0.0765874587 0.1343382477 0.9879714552 -2.1519423648
-0.3679561029 0.9168012639 -0.1551893965 -29.8873050264 -0.9257175628 -0.3768899926 -0.0316374371 2.6616855307 -0.0874945729 0.1320203618 0.9873780045 -2.1211531899
-0.3930279679 0.9074131384 -0.1487629411 -30.0992532652 -0.9150920463 -0.4018493672 -0.0335206337 2.6273186881 -0.0901973571 0.1229572376 0.9883045859 -2.1044172503
-0.4033392140 0.9036926199 -0.1437258752 -30.0906624350 -0.9113953656 -0.4107666605 -0.0250846218 2.7439988130 -0.0817065854 0.1208734849 0.9892995677 -2.0632250065
-0.3889405250 0.9086805048 -0.1517399363 -30.1718201234 -0.9186059721 -0.3950222014 -0.0109785487 2.8383105726 -0.0699166369 0.1351192092 0.9883594808 -2.0965288393
-0.3868374049 0.9089137638 -0.1556682117 -30.2216245537 -0.9195261622 -0.3929221456 -0.0091555751 2.9474536904 -0.0694871159 0.1395992743 0.9877669681 -2.1876565661
-0.3761722816 0.9152620456 -0.1441866929 -30.2865030440 -0.9242973215 -0.3815304318 -0.0104398756 3.0339405209 -0.0645668331 0.1293441822 0.9894954303 -2.1945977409
-0.3608612462 0.9230052684 -0.1335680928 -30.3346595803 -0.9311018067 -0.3647272783 -0.0048412842 3.1301996912 -0.0531844578 0.1226184607 0.9910278132 -2.1410332359
-0.3448237388 0.9277438970 -0.1427860311 -30.4268099185 -0.9371444928 -0.3489196273 -0.0039106553 3.2176073457 -0.0534489354 0.1324626559 0.9897458543 -2.1170074051
-0.3374126926 0.9281799503 -0.1569543078 -30.5444178529 -0.9394422610 -0.3426415145 -0.0067104943 3.2560212929 -0.0600076079 0.1451853038 0.9875830672 -2.1586938054
-0.3481810178 0.9229502550 -0.1641121738 -30.5676288891 -0.9352595151 -0.3539101217 -0.0061045274 3.3629440751 -0.0637151345 0.1513619915 0.9864227943 -2.1715320301
-0.3643578340 0.9167069563 -0.1639869661 -30.6809642075 -0.9290699447 -0.3698880450 -0.0034455865 3.4236507160 -0.0638154114 0.1510999351 0.9864564881 -2.2193252188
-0.4010692303 0.9017187390 -0.1613901740 -30.7210506170 -0.9127274473 -0.4083514739 -0.0133296920 3.5310378073 -0.0779235485 0.1419591123 0.9868006542 -2.2373566988
-0.4055728986 0.9005057668 -0.1568438326 -30.7117066060 -0.9096416205 -0.4144811768 -0.0275222886 3.6678253497 -0.0897927959 0.1315093837 0.9872398573 -2.1916488478
-0.4282727996 0.8915124727 -0.1476073174 -30.8454678642 -0.8991694747 -0.4366710452 -0.0285070894 3.6979012355 -0.0898702673 0.1205151830 0.9886351328 -2.1641431396
-0.4223831370 0.8945455258 -0.1462217081 -30.8594820804 -0.9028656391 -0.4294844450 -0.0194100299 3.8184800464 -0.0801631045 0.1238200866 0.9890614050 -2.1397741041
-0.4148002067 0.8957342816 -0.1600027664 -30.9817292417 -0.9068787226 -0.4213227587 -0.0076233496 3.8766004956 -0.0742413026 0.1419409374 0.9870871285 -2.1787939790
-0.3882296059 0.9069625174 -0.1633914472 -30.9876962236 -0.9189072847 -0.3944275990 -0.0060225623 4.0160153402 -0.0699083345 0.1478034541 0.9865429356 -2.2841219841
-0.4025603441 0.9034056731 -0.1476596057 -31.1443810649 -0.9130662054 -0.4077734879 -0.0055576237 4.0656147703 -0.0652324612 0.1325857170 0.9890226255 -2.2717819419
-0.3707499541 0.9185617593 -0.1370721192 -31.1218147509 -0.9272258288 -0.3744988813 -0.0016882924 4.1983010268 -0.0528841561 0.1264708750 0.9905596316 -2.2110208616
-0.3665488574 0.9189815168 -0.1453096933 -31.2597665121 -0.9287394893 -0.3707285439 -0.0018187424 4.2467003892 -0.0555418417 0.1342881924 0.9893845487 -2.2080185720
-0.3582974765 0.9206491720 -0.1550097430 -31.3305090131 -0.9318456067 -0.3628531099 -0.0011772541 4.3358353666 -0.0573296053 0.1440233409 0.9879122399 -2.2386419687
-0.3749277834 0.9127254755 -0.1623618292 -31.4144218745 -0.9253859477 -0.3789702608 0.0065107091 4.4095873375 -0.0555878147 0.1526884009 0.9867098089 -2.2517080635
-0.4061619687 0.8979998871 -0.1692000528 -31.4853642303 -0.9116731682 -0.4108381193 0.0080046313 4.5045711941 -0.0623256735 0.1575063250 0.9855492215 -2.3227998684
-0.4255963522 0.8883660455 -0.1722600190 -31.4766910022 -0.9011513284 -0.4334165102 -0.0087413959 4.6470891029 -0.0824258956 0.1515120387 0.9850127278 -2.3085989254
-0.4299348701 0.8885618822 -0.1600430847 -31.6370895025 -0.8983507338 -0.4387070659 -0.0224069044 4.6606451277 -0.0901219532 0.1341413130 0.9868556843 -2.2818592357
-0.4465033383 0.8830404031 -0.1444798098 -31.6437012898 -0.8908415268 -0.4538407035 -0.0207361998 4.7623771266 -0.0838817207 0.1194498319 0.9892904501 -2.2397614148
-0.4395675918 0.8864037463 -0.1451507176 -31.6940870687 -0.8944422818 -0.4467557367 -0.0195529097 4.8598094325 -0.0821786882 0.1212341136 0.9892163327 -2.2384578622
-0.4326383407 0.8891503549 -0.1491164392 -31.7529696238 -0.8979366241 -0.4397903586 -0.0171539929 4.9711941305 -0.0808324512 0.1264756370 0.9886708391 -2.2947858758
-0.4218424760 0.8959152136 -0.1392295067 -31.8803899649 -0.9036074966 -0.4280405317 -0.0165769508 5.0099409321 -0.0744474145 0.1188159641 0.9901213810 -2.3550222163
-0.4253374297 0.8953073134 -0.1323362593 -31.8044407568 -0.9025539440 -0.4304317793 -0.0111741501 5.1989384173 -0.0669660298 0.1146878285 0.9911418934 -2.2799291296
-0.3939708189 0.9088408132 -0.1370962076 -31.9604056914 -0.9173211615 -0.3981349288 -0.0032349775 5.2539192578 -0.0575228684 0.1244867657 0.9905524543 -2.2904143703
-0.3802769200 0.9124554513 -0.1510447399 -32.0429677196 -0.9229261469 -0.3849718505 -0.0020004071 5.3074950735 -0.0599732554 0.1386424312 0.9885249035 -2.3229052161
-0.3887732891 0.9067739961 -0.1631448731 -32.1218912544 -0.9188519063 -0.3945867609 -0.0035302133 5.4042650896 -0.0675759126 0.1485335251 0.9865958078 -2.3160546472
-0.3940328548 0.9027681354 -0.1724755142 -32.1846251350 -0.9164434183 -0.4001633979 -0.0008461965 5.4905199168 -0.0697823070 0.1577306206 0.9850134420 -2.3623574216
-0.4381644221 0.8826782429 -0.1699737002 -32.2918675143 -0.8945510375 -0.4467475599 -0.0139663534 5.5445481383 -0.0882631321 0.1459305907 0.9853496244 -2.4308208229
-0.4493668635 0.8781749873 -0.1639454594 -32.2051704328 -0.8876491163 -0.4596120551 -0.0289102937 5.7220995794 -0.1007396063 0.1325347142 0.9860456791 -2.3471817474
-0.4708446296 0.8690512307 -0.1518396956 -32.4063902844 -0.8761305030 -0.4807998611 -0.0350262091 5.7140537256 -0.1034440747 0.1165394864 0.9877843244 -2.3354297000
-0.4749488374 0.8684582475 -0.1421403329 -32.3952987367 -0.8745184739 -0.4838076370 -0.0338763805 5.8376358976 -0.0981888006 0.1082147995 0.9892666560 -2.3210673833
-0.4767722279 0.8667757135 -0.1462467272 -32.5064446731 -0.8737682944 -0.4854860518 -0.0288489367 5.8988811030 -0.0960063039 0.1140313815 0.9888274034 -2.3277760381
-0.4617673533 0.8743124879 -0.1494944309 -32.5131022054 -0.8820634167 -0.4703866247 -0.0264679475 6.0235989360 -0.0934614378 0.1196415345 0.9884082471 -2.3903287818
-0.4640430363 0.8747621012 -0.1394823531 -32.6206735986 -0.8816068603 -0.4714043297 -0.0233944839 6.0922238676 -0.0862171931 0.1121125521 0.9899481660 -2.4117017154
-0.4561104363 0.8791350939 -0.1381475901 -32.6324053635 -0.8870695176 -0.4615581312 -0.0084712757 6.2201014655 -0.0712105392 0.1186826788 0.9903754242 -2.3493778729
-0.4448637967 0.8814611351 -0.1585006932 -32.7229391044 -0.8926219240 -0.4508028382 -0.0017034830 6.3101626875 -0.0729541163 0.1407233758 0.9873573965 -2.3650137318
-0.4216104984 0.8900668676 -0.1732788472 -32.7846307961 -0.9037119369 -0.4281408844 -0.0003438138 6.3935864704 -0.0744937762 0.1564492072 0.9848727445 -2.4081809998
-0.4339724623 0.8835640884 -0.1760181913 -32.8965177424 -0.8975773204 -0.4408570673 -0.0000092771 6.4486859289 -0.0776070605 0.1579859105 0.9843869139 -2.4236026300
-0.4463049293 0.8783277581 -0.1713250113 -32.9251753161 -0.8913111621 -0.4533853512 -0.0024770106 6.5476993316 -0.0798518776 0.1515983929 0.9852114519 -2.4542058990
-0.4753876574 0.8640495863 -0.1656046122 -33.0102216019 -0.8746852262 -0.4844091377 -0.0165391193 6.6268359296 -0.0945110066 0.1369894145 0.9860535330 -2.4577111035
-0.4721515458 0.8665091751 -0.1619715011 -32.9753942296 -0.8754438458 -0.4824470200 -0.0290335288 6.7679464851 -0.1033004871 0.1280887283 0.9863682310 -2.4081393691
-0.4863179127 0.8595314366 -0.1571642365 -33.0996472245 -0.8677218924 -0.4962157020 -0.0287870558 6.8244563364 -0.1027307414 0.1223751878 0.9871528292 -2.3833813491
-0.4820751001 0.8621959990 -0.1556330847 -33.1397825407 -0.8703606265 -0.4916363295 -0.0276784986 6.9082870931 -0.1003791693 0.1221137941 0.9874270827 -2.4084659347
-0.4735715058 0.8657346200 -0.1619678876 -33.2217873627 -0.8752996213 -0.4830484503 -0.0226884910 7.0021399118 -0.0978805492 0.1310258078 0.9865351670 -2.4195544862
-0.4674464968 0.8696619891 -0.1586877352 -33.2454317165 -0.8796083553 -0.4754719238 -0.0146830176 7.1322257159 -0.0882208250 0.1327195327 0.9872196370 -2.4793068116
-0.4658000410 0.8725595901 -0.1472076206 -33.3099642540 -0.8808032033 -0.4731579680 -0.0175286739 7.2229494792 -0.0849472712 0.1214960867 0.9889502829 -2.4959123684
-0.4566708263 0.8786871807 -0.1391423546 -33.3774035183 -0.8865033347 -0.4625758415 -0.0116373744 7.3141509525 -0.0745895034 0.1180357120 0.9902040076 -2.4337164453
-0.4560669022 0.8775933185 -0.1477597650 -33.4155675899 -0.8867419468 -0.4621929734 -0.0081470932 7.4233164524 -0.0754433597 0.1273091621 0.9889897253 -2.4341675324
-0.4603119046 0.8743023289 -0.1539752845 -33.5149112377 -0.8843214488 -0.4668255617 -0.0070335016 7.4756451204 -0.0780290055 0.1329260422 0.9880496656 -2.4648960709
-0.4741630069 0.8663628891 -0.1567953675 -33.5199226328 -0.8772625851 -0.4800103446 0.0006525464 7.5990651902 -0.0746980564 0.1378601228 0.9876308961 -2.4696910877
-0.4896283745 0.8579323044 -0.1556156035 -33.6226166489 -0.8686782850 -0.4953720156 0.0021455546 7.6675558331 -0.0752468746 0.1362304200 0.9878153575 -2.5309997329
-0.5113903579 0.8450553147 -0.1560814430 -33.6453181767 -0.8549182756 -0.5187110513 -0.0073203307 7.7793839781 -0.0871472538 0.1296933316 0.9877170627 -2.5108517588
-0.5048756018 0.8493505261 -0.1539620423 -33.7147603668 -0.8575435961 -0.5139004432 -0.0229197575 7.8619459288 -0.0985880698 0.1204575371 0.9878109000 -2.4982234234
-0.5206721114 0.8410049493 -0.1470075769 -33.7721578851 -0.8479961500 -0.5294034726 -0.0251891419 7.9322980917 -0.0990105147 0.1115465755 0.9888145830 -2.4537689435
-0.5098277562 0.8469209092 -0.1509987833 -33.8008749105 -0.8549171269 -0.5183478653 -0.0207893388 8.0436500121 -0.0958768227 0.1184924640 0.9883153195 -2.4500731513
-0.4984023575 0.8507007180 -0.1670430437 -33.8573484862 -0.8615644447 -0.5074625816 -0.0137271931 8.1436948192 -0.0964458273 0.1370766818 0.9858540387 -2.4880690454
-0.4909382215 0.8557095248 -0.1635263644 -33.9280965930 -0.8663980994 -0.4992264535 -0.0112819070 8.2284780067 -0.0912907222 0.1361402119 0.9864744532 -2.5706658682
-0.5141343177 0.8439678254 -0.1529189755 -33.9440087726 -0.8537272687 -0.5207088362 -0.0034725406 8.3619961707 -0.0825569743 0.1287657470 0.9882326287 -2.5178915719
-0.4969850219 0.8548692011 -0.1490118686 -33.9805675110 -0.8652520916 -0.5012319326 0.0102648729 8.4822152014 -0.0659143832 0.1340343191 0.9887821274 -2.5025127715
-0.5050403346 0.8482221515 -0.1595413494 -34.0443914729 -0.8608307601 -0.5084173439 0.0219592089 8.5739991506 -0.0624873017 0.1484283873 0.9869469849 -2.4982924715
-0.4982527163 0.8492926037 -0.1744886928 -34.1114900596 -0.8644354571 -0.5021599332 0.0242227586 8.6539441483 -0.0670490206 0.1629032682 0.9843611909 -2.5314923598
-0.4988348962 0.8478431804 -0.1797934585 -34.1782221546 -0.8639512882 -0.5029370537 0.0253474181 8.7484491981 -0.0689341567 0.1679769668 0.9833777609 -2.5558295160
-0.5168822997 0.8374474193 -0.1775232608 -34.2547150299 -0.8524557965 -0.5225193565 0.0171066365 8.8273356016 -0.0784334314 0.1601728503 0.9839679135 -2.5987860420
-0.5397130089 0.8237610752 -0.1735729209 -34.2643396484 -0.8363446903 -0.5482027047 -0.0011634309 8.9437842811 -0.0961115338 0.1445388720 0.9848203326 -2.5566005599
-0.5392856226 0.8255861582 -0.1660677957 -34.3597560901 -0.8359536684 -0.5486488388 -0.0128808385 9.0233858877 -0.1017471452 0.1318785320 0.9860302081 -2.5200909251
-0.5466863457 0.8217655939 -0.1607337803 -34.3983022601 -0.8315087970 -0.5553949106 -0.0113848054 9.1110461588 -0.0986263649 0.1274276346 0.9869321345 -2.5141116253
-0.5467507959 0.8215480775 -0.1616240191 -34.3967116264 -0.8321419676 -0.5545496120 -0.0038044128 9.2441955290 -0.0927540451 0.1324140636 0.9868450754 -2.5093299430
-0.5418403560 0.8234750710 -0.1682196065 -34.4896038101 -0.8358683921 -0.5489039074 0.0053414881 9.3272331477 -0.0879378171 0.1435036858 0.9857350722 -2.5601109421
-0.5315887636 0.8317628808 -0.1599496686 -34.5407192654 -0.8431811326 -0.5375871438 0.0067557777 9.4321982317 -0.0803676804 0.1384578383 0.9871020530 -2.6113632339
-0.5498307911 0.8219270722 -0.1487346264 -34.5707688541 -0.8325321551 -0.5536877876 0.0178897905 9.5502276970 -0.0676484431 0.1336627168 0.9887153110 -2.5600947044
-0.5332715560 0.8325927204 -0.1497024029 -34.6090529264 -0.8439288456 -0.5358125194 0.0262497161 9.6543929576 -0.0583570991 0.1403364030 0.9883825894 -2.5549956097
-0.5348920187 0.8300412044 -0.1578674360 -34.6909767289 -0.8429191327 -0.5370801506 0.0321286104 9.7371742524 -0.0581193958 0.1502548195 0.9869374981 -2.5575054158
-0.5415480051 0.8242777117 -0.1652029424 -34.7102525729 -0.8383656205 -0.5440728018 0.0335838160 9.8490781834 -0.0622000367 0.1566877158 0.9856876357 -2.5651865946
-0.5483779253 0.8191366561 -0.1682164961 -34.7568170151 -0.8340176014 -0.5503717059 0.0388023964 9.9686062667 -0.0607971347 0.1615738962 0.9849860834 -2.5840944732
-0.5732390286 0.8023923649 -0.1660226153 -34.8391676311 -0.8162747356 -0.5768622820 0.0304214329 10.0384611443 -0.0713622592 0.1529588191 0.9856525897 -2.6411472319
-0.5856276392 0.7942695484 -0.1617904589 -34.8061330328 -0.8058463713 -0.5920322302 0.0104625199 10.1952600099 -0.0874751053 0.1365053951 0.9867696707 -2.5873177527
-0.5853998728 0.7962866400 -0.1524289207 -34.9442034763 -0.8053780264 -0.5927512684 -0.0034883259 10.2382755159 -0.0931301434 0.1207208377 0.9883082797 -2.5590065417
-0.5846254785 0.7977531646 -0.1476581804 -34.9552794087 -0.8059961231 -0.5918842350 -0.0065804168 10.3278802717 -0.0926460974 0.1151648416 0.9890165620 -2.5467129373
-0.5763356013 0.8019033326 -0.1574430686 -34.9960534819 -0.8118296365 -0.5838904432 -0.0021428100 10.4509551137 -0.0936478295 0.1265819714 0.9875257407 -2.5266771800
-0.5600944517 0.8110066579 -0.1690041597 -35.0545247104 -0.8233948633 -0.5674391040 0.0058105267 10.5601944246 -0.0911871931 0.1424116008 0.9855982101 -2.5976199670
-0.5672595348 0.8075157419 -0.1616630654 -35.1411248355 -0.8191273930 -0.5735346188 0.0093997398 10.6546739963 -0.0851289267 0.1377547373 0.9868012455 -2.6438142950
-0.5718082201 0.8067581221 -0.1489184069 -35.1073956932 -0.8177722813 -0.5749982767 0.0250095520 10.8040909288 -0.0654511681 0.1360820127 0.9885331711 -2.5830401566
-0.5792066003 0.8009886730 -0.1514491988 -35.1883702863 -0.8130377778 -0.5810891438 0.0361244894 10.8978151842 -0.0590701784 0.1440574628 0.9878047183 -2.5887367690
-0.5753585399 0.8018771742 -0.1611072563 -35.1991850312 -0.8158744693 -0.5765469810 0.0440729960 11.0149795593 -0.0575447728 0.1568010718 0.9859523432 -2.5718058633
-0.5861968965 0.7930141009 -0.1658367699 -35.2757881558 -0.8079943080 -0.5872314169 0.0480048037 11.0885756736 -0.0593160751 0.1621354331 0.9849841139 -2.6024238780
-0.5983243423 0.7841671508 -0.1645899782 -35.2906991356 -0.7991235880 -0.5989775339 0.0512582182 11.2054451037 -0.0583906883 0.1621967736 0.9850293062 -2.6214719056
-0.6172059119 0.7700962811 -0.1612717585 -35.3461444736 -0.7837781736 -0.6197319435 0.0403000341 11.3103780690 -0.0689103539 0.1512747036 0.9860868761 -2.6382182965
-0.6247081831 0.7636124793 -0.1632043734 -35.3285795677 -0.7764232160 -0.6296856837 0.0257474137 11.4483974930 -0.0831064110 0.1428002845 0.9862562563 -2.5961403931
-0.6379375127 0.7522363740 -0.1648519567 -35.4528228331 -0.7641868472 -0.6448246829 0.0148186003 11.4801276114 -0.0951535205 0.1354310381 0.9862069973 -2.5684356344
-0.6393274872 0.7510281065 -0.1649762024 -35.4822905038 -0.7630484464 -0.6461554399 0.0154988981 11.5905775941 -0.0949601625 0.1357937065 0.9861757636 -2.5651843468
-0.6449419339 0.7450133541 -0.1703085553 -35.4999942419 -0.7585367995 -0.6511929812 0.0238668183 11.7005260738 -0.0931226375 0.1445780184 0.9851017059 -2.5614476188
-0.6386041823 0.7487621066 -0.1775950618 -35.5198461303 -0.7640479820 -0.6444457794 0.0303367525 11.8230750723 -0.0917353773 0.1550643256 0.9836359466 -2.6206083954
-0.6404112930 0.7498406491 -0.1661697226 -35.5789136402 -0.7629972316 -0.6458769955 0.0260409538 11.9073628049 -0.0877986355 0.1434639593 0.9857532612 -2.6512390828
-0.6389995812 0.7547710257 -0.1483247583 -35.5663763511 -0.7662119840 -0.6415656694 0.0362310282 12.0617929748 -0.0678139425 0.1367998192 0.9882747992 -2.5850350784
-0.6381688432 0.7549496163 -0.1509688855 -35.6417647811 -0.7672711496 -0.6398252871 0.0438016550 12.1331156099 -0.0635256679 0.1437869218 0.9875676233 -2.5803816319
-0.6268931906 0.7616560169 -0.1639665802 -35.6467032721 -0.7763865946 -0.6282804311 0.0498754002 12.2720962880 -0.0650290951 0.1585680036 0.9852042453 -2.5694613207
-0.6321791988 0.7549108075 -0.1745254517 -35.7096571472 -0.7717644797 -0.6334940621 0.0553611885 12.3566744303 -0.0687680778 0.1696907362 0.9830951152 -2.5931670162
-0.6372278502 0.7507410614 -0.1741508705 -35.7339524730 -0.7680547096 -0.6372542000 0.0632380241 12.4596459906 -0.0635029924 0.1740544264 0.9826863317 -2.6287491045
-0.6735775755 0.7192906374 -0.1700418437 -35.7906468744 -0.7356293020 -0.6747387025 0.0598098098 12.5628993672 -0.0717131768 0.1653743095 0.9836201289 -2.6456445960
-0.6868407655 0.7067538487 -0.1695545932 -35.7126610957 -0.7222206700 -0.6898429561 0.0501398014 12.7598630558 -0.0815295442 0.1568938915 0.9842445023 -2.5887982269
-0.6940484395 0.7001360046 -0.1676494516 -35.8541964102 -0.7143558841 -0.6986608786 0.0396061571 12.7744012039 -0.0894004166 0.1472499638 0.9850507671 -2.5782200932
-0.6995043243 0.6952380764 -0.1653412154 -35.8918466541 -0.7087301575 -0.7045722254 0.0357707011 12.8679278802 -0.0916256747 0.1422040657 0.9855875098 -2.5808839129
-0.7108663274 0.6805348546 -0.1775989197 -35.8913765035 -0.6953527760 -0.7179479653 0.0321750830 12.9813617280 -0.1056105177 0.1463660849 0.9835768337 -2.5535897627
-0.7071734083 0.6824690500 -0.1847749072 -35.9026614088 -0.6993551813 -0.7136047691 0.0408725319 13.1356230147 -0.1039620170 0.1581272564 0.9819305830 -2.5683021631
-0.7167504482 0.6744916209 -0.1770023965 -35.9963664156 -0.6906206962 -0.7217315530 0.0463316240 13.1903923544 -0.0964979223 0.1554497305 0.9831192869 -2.6399924682
-0.7127983609 0.6822550631 -0.1626238777 -35.8875447134 -0.6973120962 -0.7142650948 0.0598432532 13.3962834789 -0.0753281969 0.1560557699 0.9848716969 -2.5598734263
-0.7090749969 0.6861868009 -0.1623586248 -36.0126129448 -0.7022934029 -0.7078873292 0.0753624931 13.4545773114 -0.0632188652 0.1674610507 0.9838496692 -2.5716159832
-0.7033517447 0.6906893216 -0.1680612513 -35.9954882045 -0.7084164227 -0.7005940075 0.0855231469 13.5918720326 -0.0586727812 0.1792102050 0.9820596760 -2.5807989484
-0.7151728549 0.6767308484 -0.1748231860 -36.0592037560 -0.6958516844 -0.7128891499 0.0870602853 13.6653734934 -0.0657131717 0.1839141612 0.9807432693 -2.5889343163
-0.7196627008 0.6721842643 -0.1739365166 -36.0646425067 -0.6911632015 -0.7174192888 0.0871951428 13.8002456582 -0.0661742091 0.1829696116 0.9808889312 -2.6134372495
-0.7478883391 0.6420587126 -0.1685931251 -36.1445187869 -0.6590935616 -0.7484782767 0.0733208454 13.8748828831 -0.0791120041 0.1659544486 0.9829549388 -2.6273409500
-0.7492620521 0.6418715531 -0.1631174015 -35.9776156568 -0.6571363697 -0.7511655224 0.0626270668 14.0834359456 -0.0823296354 0.1541144616 0.9846169630 -2.5308462187
-0.7522316472 0.6390733303 -0.1604145486 -36.2000297576 -0.6535625565 -0.7546110385 0.0584650772 14.0971667543 -0.0836871175 0.1488202238 0.9853167041 -2.5332821470
-0.7594222837 0.6297149959 -0.1635139717 -36.1967679478 -0.6442890642 -0.7628343048 0.0545474574 14.1975764086 -0.0903847150 0.1467748185 0.9850318553 -2.5516132575
-0.7681420509 0.6148826227 -0.1785417314 -36.1675145007 -0.6316005217 -0.7734313464 0.0537097143 14.3413695538 -0.1050646017 0.1540237408 0.9824653260 -2.5108017590
-0.7632161212 0.6188817891 -0.1857053671 -36.1301505346 -0.6370653734 -0.7687523097 0.0562814021 14.4712826566 -0.1079298950 0.1612613324 0.9809923142 -2.5648701035
-0.7644549301 0.6219988752 -0.1694876372 -36.2151899120 -0.6377999577 -0.7679937734 0.0582818846 14.5652470534 -0.0939141834 0.1526530818 0.9838074826 -2.5670015144
-0.7539068082 0.6389550963 -0.1528427604 -36.1232559017 -0.6533759170 -0.7535368515 0.0726782258 14.7334292208 -0.0687345297 0.1546563880 0.9855744346 -2.5115576641
-0.7591607388 0.6327448841 -0.1526724738 -36.2476331533 -0.6480531093 -0.7566767197 0.0864147516 14.7819688691 -0.0608452147 0.1645425580 0.9844915472 -2.5156316263
-0.7571723799 0.6333536279 -0.1598535866 -36.2268988566 -0.6504822744 -0.7534402849 0.0959194866 14.9152512167 -0.0596891770 0.1766095105 0.9824694819 -2.5311004347
-0.7712916034 0.6152098977 -0.1631748888 -36.2435989208 -0.6332830660 -0.7674381156 0.0999564759 15.0131676648 -0.0637324159 0.1804314844 0.9815205849 -2.5318527242
-0.7817500973 0.6021778225 -0.1620143679 -36.2218939018 -0.6203753865 -0.7773651555 0.1041047304 15.1399818094 -0.0632547644 0.1818936093 0.9812815853 -2.5587368629
-0.8010823854 0.5766020998 -0.1606145393 -36.2694595241 -0.5939658575 -0.7989486222 0.0942637749 15.2468677151 -0.0739700743 0.1709126022 0.9825056287 -2.5743553618
-0.7995946505 0.5785036539 -0.1611890732 -36.1589030318 -0.5950109074 -0.7995007154 0.0822230266 15.4097507290 -0.0813044580 0.1616543489 0.9834924792 -2.5087168634
-0.8030420741 0.5741297268 -0.1596824476 -36.3171077013 -0.5891987058 -0.8050845199 0.0684383002 15.4283591720 -0.0892654041 0.1490435260 0.9847932346 -2.5003008780
-0.8103739203 0.5626946998 -0.1633057995 -36.3577388720 -0.5769639151 -0.8149017275 0.0552070217 15.5019098930 -0.1020134796 0.1389598840 0.9850296445 -2.4974441001
-0.8127387297 0.5546945413 -0.1782406324 -36.2715941548 -0.5699344754 -0.8204256066 0.0455688242 15.6623424620 -0.1209564009 0.1386210296 0.9829312078 -2.4474240065
-0.8068985128 0.5618475218 -0.1823243053 -36.3000327970 -0.5783512132 -0.8142258483 0.0504593106 15.7663828018 -0.1201027236 0.1461630258 0.9819428220 -2.4755367421
-0.8070292346 0.5651568533 -0.1711769424 -36.3485358793 -0.5801152286 -0.8129346437 0.0510253520 15.8572309120 -0.1103183393 0.1404813018 0.9839181205 -2.5365101950
-0.8004128559 0.5790452996 -0.1550670857 -36.3015015134 -0.5925937017 -0.8033367740 0.0590146783 16.0017179167 -0.0903989203 0.1391278855 0.9861396791 -2.4855277136
-0.8033778543 0.5747954033 -0.1555450659 -36.3968146013 -0.5889084819 -0.8056103860 0.0646429110 16.0915416174 -0.0881522725 0.1435344918 0.9857114317 -2.4777448799
-0.7991876153 0.5780613368 -0.1647551104 -36.3535066574 -0.5939909525 -0.8014908183 0.0691897143 16.2070119511 -0.0920538095 0.1531586078 0.9839047398 -2.4696238480
-0.8044493375 0.5700162563 -0.1671607935 -36.3998315672 -0.5867166172 -0.8064435561 0.0735690288 16.2988327417 -0.0928702023 0.1572585718 0.9831809941 -2.4627575017
-0.8112093329 0.5612141486 -0.1642501068 -36.3638712162 -0.5780012041 -0.8121274914 0.0797718355 16.4191290055 -0.0886229444 0.1596484170 0.9831878542 -2.4939101735
-0.8255961319 0.5413233461 -0.1592484287 -36.4168508718 -0.5565402231 -0.8277251601 0.0716522114 16.5223654240 -0.0930269163 0.1477839446 0.9846349062 -2.5430527992
-0.8388147926 0.5207465697 -0.1587852441 -36.3203889383 -0.5343447563 -0.8433437789 0.0569820328 16.6634122044 -0.1042373496 0.1326434345 0.9856674359 -2.4959788678
-0.8435365478 0.5145212125 -0.1539935531 -36.4072392325 -0.5263922579 -0.8489440799 0.0469589182 16.7484781432 -0.1065705557 0.1206725779 0.9869553412 -2.4562769861
-0.8551029678 0.4968474644 -0.1481266743 -36.4364862299 -0.5079604206 -0.8600702107 0.0474915127 16.8420117542 -0.1038033023 0.1158526212 0.9878274366 -2.4549594902
-0.8595752702 0.4870577044 -0.1546128954 -36.3296411593 -0.4993295468 -0.8648791515 0.0515175402 16.9787110026 -0.1086294549 0.1214859906 0.9866310332 -2.4466197126
-0.8595869522 0.4862800645 -0.1569776115 -36.3320892256 -0.4995556098 -0.8643399288 0.0579713731 17.1082409097 -0.1074916945 0.1282504824 0.9858992593 -2.4912003916
-0.8579825161 0.4903072097 -0.1531823822 -36.4251562429 -0.5025477575 -0.8629427805 0.0526830991 17.2040371045 -0.1063567275 0.1221826406 0.9867926068 -2.5353025960
-0.8522815774 0.5014666000 -0.1488198973 -36.2893410146 -0.5133182783 -0.8565242488 0.0535775743 17.3442425351 -0.1006004867 0.1220551530 0.9874118096 -2.4763290860
-0.8474498728 0.5087789691 -0.1515673899 -36.3753499288 -0.5215973142 -0.8511265107 0.0593287835 17.4488352059 -0.0988177864 0.1293353135 0.9866647971 -2.4524556049
-0.8415730952 0.5163324236 -0.1586050244 -36.4065957587 -0.5309276586 -0.8447585111 0.0670736860 17.5525257990 -0.0993506254 0.1406552038 0.9850611996 -2.4687301073
-0.8458424371 0.5068990179 -0.1661443870 -36.3921994241 -0.5230927328 -0.8492164707 0.0721483112 17.6711113286 -0.1045206419 0.1479350248 0.9834585217 -2.4717813331
-0.8547869536 0.4923033632 -0.1642457384 -36.4123979801 -0.5089244158 -0.8571359010 0.0794605950 17.7881842711 -0.1016622008 0.1515105464 0.9832137872 -2.4966861215
-0.8720796838 0.4617054586 -0.1621884541 -36.4258780176 -0.4771528693 -0.8758356155 0.0723679064 17.9017685766 -0.1086377671 0.1404992672 0.9841025310 -2.5135847833
-0.8809137014 0.4461294912 -0.1579858464 -36.3037760295 -0.4601017935 -0.8854833752 0.0650040910 18.0307076493 -0.1108935985 0.1299525657 0.9852994167 -2.4595537991
-0.8833316645 0.4440284025 -0.1502130096 -36.3796834347 -0.4561285827 -0.8880786125 0.0571234981 18.1118657063 -0.1080365055 0.1189754418 0.9870020049 -2.4445935728
-0.8871080766 0.4367533484 -0.1492842025 -36.4041122286 -0.4476005825 -0.8929833686 0.0472696737 18.2066916239 -0.1126631218 0.1087530053 0.9876638116 -2.4447074420
-0.8836859568 0.4404124128 -0.1585434841 -36.3604539640 -0.4529661645 -0.8899815345 0.0524835409 18.3323353536 -0.1179863704 0.1181938020 0.9859561053 -2.3824476165
-0.8779835232 0.4494413636 -0.1647646615 -36.3773431221 -0.4641671224 -0.8834678555 0.0635092971 18.4402365900 -0.1170205771 0.1322384553 0.9842861248 -2.4609482150
-0.8792709027 0.4494348323 -0.1577688535 -36.3950783855 -0.4631269816 -0.8840772224 0.0626168017 18.5547365664 -0.1113376781 0.1281241446 0.9854887747 -2.4899995866
-0.8761925774 0.4604385203 -0.1424181740 -36.3015973693 -0.4724566994 -0.8789525638 0.0650158269 18.6854873416 -0.0952430281 0.1242528054 0.9876689759 -2.4406499448
-0.8775956054 0.4580458159 -0.1414919924 -36.3643419292 -0.4704689135 -0.8795872930 0.0706059159 18.7775998275 -0.0921138142 0.1285310254 0.9874182603 -2.4247139196
-0.8777276529 0.4559845427 -0.1472150270 -36.3528624602 -0.4693717832 -0.8799948920 0.0727950489 18.8914234050 -0.0963550547 0.1329928071 0.9864221291 -2.4386396478
-0.8876995623 0.4351998017 -0.1503017618 -36.3234590123 -0.4491588767 -0.8903074676 0.0748927010 18.9967760858 -0.1012214923 0.1339915884 0.9857994034 -2.4244984218
-0.8915954782 0.4272172510 -0.1501430110 -36.3061255105 -0.4414824896 -0.8938463255 0.0783068180 19.1128760592 -0.1007507551 0.1361035152 0.9855582776 -2.4660907907
-0.9025726584 0.4023258422 -0.1532857232 -36.3563971991 -0.4157227944 -0.9070008348 0.0672610127 19.2202507913 -0.1119694353 0.1244323202 0.9858901781 -2.4970711163
-0.9146082936 0.3731891381 -0.1556326975 -36.2312857171 -0.3845978713 -0.9217308753 0.0499666974 19.3525453769 -0.1248044337 0.1055559600 0.9865504511 -2.4406401575
-0.9168770696 0.3693762244 -0.1513196748 -36.3027633783 -0.3781641379 -0.9251481305 0.0330578501 19.4384861748 -0.1277823304 0.0875336591 0.9879319483 -2.4158447332
-0.9236434190 0.3543961522 -0.1458979160 -36.3101738854 -0.3614257476 -0.9320924986 0.0239792201 19.5342650126 -0.1274922097 0.0748795122 0.9890089965 -2.3952705515
-0.9194359653 0.3644615732 -0.1476660673 -36.2256866557 -0.3728269570 -0.9273277406 0.0326086141 19.6510541101 -0.1250502537 0.0850354231 0.9884995756 -2.3671295432
-0.9151412114 0.3732345224 -0.1523566688 -36.2307580005 -0.3839796890 -0.9221220102 0.0474404552 19.7714887922 -0.1227850220 0.1019165819 0.9871863293 -2.4430323441
-0.9120804675 0.3819857838 -0.1489834948 -36.2583489005 -0.3916854993 -0.9191768547 0.0411871270 19.8791923881 -0.1212092831 0.0959206486 0.9879815478 -2.5086128575
-0.9112588183 0.3854450532 -0.1450499119 -36.1853052991 -0.3935830407 -0.9187596763 0.0311937058 19.9967616481 -0.1212425505 0.0855147249 0.9889324930 -2.4439127949
-0.9117115348 0.3827138799 -0.1493725657 -36.1841601730 -0.3916278587 -0.9194761842 0.0345132868 20.1036362804 -0.1241358028 0.0899646198 0.9881784604 -2.3895026028
-0.9124787971 0.3797365944 -0.1522582139 -36.1878614846 -0.3905674576 -0.9193315473 0.0478180641 20.2184014851 -0.1218175106 0.1031000732 0.9871833006 -2.3945582300
-0.9171915666 0.3681221324 -0.1524654902 -36.1589251941 -0.3808243799 -0.9224493032 0.0637187148 20.3360988417 -0.1171854160 0.1165048436 0.9862526044 -2.4212995766
-0.9221561489 0.3560576131 -0.1511655157 -36.1214026156 -0.3697680268 -0.9261550628 0.0742186371 20.4447728786 -0.1135765969 0.1243373470 0.9857183070 -2.4810468019
-0.9310890252 0.3291063785 -0.1573601564 -36.1294892616 -0.3421171254 -0.9375048237 0.0635655408 20.5606854792 -0.1266060807 0.1130207818 0.9854933806 -2.5197029964
-0.9389064209 0.3030534415 -0.1631359690 -36.0300670750 -0.3139284410 -0.9483800832 0.0449905745 20.6713085370 -0.1410803554 0.0934549597 0.9855772440 -2.4406166376
-0.9426492215 0.2913717845 -0.1628340517 -36.0200228068 -0.3006658016 -0.9530821719 0.0351347312 20.7828679067 -0.1449569623 0.0820783577 0.9860276985 -2.3874513685
-0.9448945739 0.2868231831 -0.1578185854 -36.0468951847 -0.2956851485 -0.9546306529 0.0353639581 20.8826176513 -0.1405152562 0.0800798239 0.9868346795 -2.3909920314
-0.9407959086 0.2982512447 -0.1610877198 -35.9819412447 -0.3089939389 -0.9499620626 0.0457692610 20.9994061052 -0.1393764835 0.0928346626 0.9858782487 -2.4016547649
-0.9346603542 0.3178109804 -0.1593932338 -35.9625427394 -0.3294911865 -0.9427000628 0.0524609339 21.1125399955 -0.1335873507 0.1015518208 0.9858202916 -2.4569707803
-0.9349080613 0.3192074922 -0.1550918882 -35.9642510113 -0.3292455981 -0.9432490037 0.0433434322 21.2255483371 -0.1324547208 0.0915854457 0.9869487591 -2.4685899574
-0.9307715409 0.3351390712 -0.1461031884 -35.8711131220 -0.3437321604 -0.9383216944 0.0374245865 21.3375071137 -0.1245493501 0.0850541046 0.9885612063 -2.4043021629
-0.9324827418 0.3298460472 -0.1472328816 -35.8903070000 -0.3396408383 -0.9394035960 0.0465293969 21.4449815796 -0.1229635608 0.0933941589 0.9880068288 -2.3741124024
-0.9328202261 0.3274142239 -0.1504870487 -35.8583750183 -0.3390239589 -0.9389489889 0.0586306364 21.5479756552 -0.1221031579 0.1057105585 0.9868718745 -2.3929854113
-0.9378052273 0.3150453990 -0.1458346743 -35.8153679815 -0.3274710414 -0.9422406545 0.0703225857 21.6632995954 -0.1152565518 0.1137055211 0.9868064561 -2.4043639783
-0.9402315844 0.3108255503 -0.1391116276 -35.7947694683 -0.3233945995 -0.9429757389 0.0788206125 21.7687328024 -0.1066794296 0.1190975784 0.9871348774 -2.4348753013
-0.9448807037 0.2948955178 -0.1422571237 -35.8033708741 -0.3069518833 -0.9490384485 0.0714602302 21.8908010253 -0.1139341784 0.1111874847 0.9872468517 -2.4646756849
-0.9456777232 0.2905725551 -0.1458123251 -35.7244153374 -0.3013422454 -0.9517679730 0.0577111485 21.9810808272 -0.1220102252 0.0985155610 0.9876275559 -2.3960603144
-0.9520245191 0.2697296969 -0.1445517403 -35.7072138351 -0.2800423437 -0.9583456148 0.0561245781 22.0934067583 -0.1233920610 0.0939125826 0.9879042596 -2.3507816453
-0.9541660814 0.2604361461 -0.1474452536 -35.6632487912 -0.2716189611 -0.9604530196 0.0612628525 22.1903687496 -0.1256591779 0.0985038625 0.9871710896 -2.3684627818
-0.9504392631 0.2696781170 -0.1547220745 -35.6374520331 -0.2827613904 -0.9566682156 0.0695120237 22.2969683990 -0.1292718193 0.1098163855 0.9855095932 -2.3711937310
-0.9492694456 0.2748555365 -0.1527807373 -35.6380527258 -0.2871413863 -0.9556955941 0.0647746537 22.4022655129 -0.1282082053 0.1053582723 0.9861350265 -2.4337228191
-0.9533287604 0.2648067477 -0.1450574402 -35.5753089958 -0.2748252418 -0.9599949457 0.0536729981 22.5065445519 -0.1250414374 0.0910334588 0.9879663700 -2.3845412467
-0.9451886437 0.2960635266 -0.1377128030 -35.4646760978 -0.3057858736 -0.9504912856 0.0553291562 22.6086902756 -0.1145138740 0.0944071199 0.9889256132 -2.3508114133
-0.9465530670 0.2889069339 -0.1434227143 -35.5316099970 -0.2997837676 -0.9520768806 0.0606572837 22.7024066002 -0.1190251406 0.1004111396 0.9878009005 -2.3649341784
-0.9453153791 0.2904717963 -0.1483407213 -35.4960016016 -0.3022416561 -0.9511023913 0.0636727767 22.8242462075 -0.1225920690 0.1050256004 0.9868843944 -2.3664713758
-0.9515279475 0.2710490308 -0.1453512572 -35.4646591494 -0.2827144278 -0.9569076796 0.0663343426 22.9119848230 -0.1211078750 0.1042118783 0.9871538720 -2.3754123459
-0.9561954489 0.2561383794 -0.1417158921 -35.4056349685 -0.2676703458 -0.9610318427 0.0690679614 23.0203826174 -0.1185025292 0.1039756122 0.9874949228 -2.4117650472
-0.9623655635 0.2234240064 -0.1547069346 -35.4117105565 -0.2354910499 -0.9697395118 0.0644146309 23.1283493660 -0.1356336524 0.0984225210 0.9858582655 -2.4335604132
-0.9617264731 0.2178816097 -0.1661619541 -35.3134397594 -0.2294136035 -0.9718598684 0.0534583460 23.2183203534 -0.1498385444 0.0895321192 0.9846483688 -2.3936066166
-0.9671309579 0.1918553766 -0.1668808698 -35.3275506749 -0.2012990689 -0.9786509322 0.0414853915 23.3213622287 -0.1553589234 0.0737147701 0.9851039222 -2.3571569441
-0.9680370048 0.1917795245 -0.1616322098 -35.2058303620 -0.2000452829 -0.9791115896 0.0363645423 23.4050328887 -0.1512819953 0.0675359838 0.9861808398 -2.3282809768
-0.9647703720 0.2069605223 -0.1624360538 -35.2521237291 -0.2168192955 -0.9751592829 0.0453184967 23.5301453629 -0.1490218860 0.0789412137 0.9856778187 -2.3505621788
-0.9611779183 0.2245764705 -0.1603197378 -35.1566611851 -0.2354016792 -0.9705156581 0.0518209115 23.6263143122 -0.1439550584 0.0875486514 0.9857038981 -2.4022045221
-0.9594835104 0.2402424121 -0.1472242397 -35.1433828343 -0.2495596087 -0.9671593103 0.0481961649 23.7385953663 -0.1308105312 0.0829846491 0.9879282124 -2.3998986224
-0.9546189582 0.2625695990 -0.1405697347 -35.1371792137 -0.2715005370 -0.9612249901 0.0483112495 23.8539193352 -0.1224340764 0.0842835931 0.9888913858 -2.3916664698
-0.9569169724 0.2495159880 -0.1484980797 -35.0970924193 -0.2595179004 -0.9643382722 0.0519822670 23.9506478704 -0.1302319749 0.0882806235 0.9875455251 -2.3562243299
-0.9609300432 0.2301910775 -0.1537059528 -35.0736656348 -0.2417155476 -0.9684404513 0.0608003815 24.0582239963 -0.1348593569 0.0955780317 0.9862442870 -2.3580018561
-0.9676122077 0.2004470438 -0.1534522664 -35.0004850426 -0.2126504261 -0.9747888803 0.0675754037 24.1324239514 -0.1360382731 0.0980184754 0.9858427698 -2.3819208027
-0.9697161967 0.1861674500 -0.1580891472 -34.9627896396 -0.1983915259 -0.9779457438 0.0652910764 24.2384373266 -0.1424475354 0.0946773615 0.9852638717 -2.4274072938
-0.9722581211 0.1623595495 -0.1683850428 -34.9391904558 -0.1741546207 -0.9830250176 0.0577233295 24.3481937315 -0.1561547759 0.0854470091 0.9840297224 -2.3989233857
-0.9683256020 0.1802749944 -0.1727612655 -34.8488369245 -0.1906788777 -0.9805970311 0.0455085499 24.4491420055 -0.1612051305 0.0770090182 0.9839118441 -2.3471494130
-0.9695714009 0.1783845979 -0.1676610682 -34.9240470511 -0.1874706133 -0.9814597049 0.0398950716 24.5464843874 -0.1574359163 0.0701126437 0.9850371310 -2.3637112440
-0.9641362912 0.2029535441 -0.1710294445 -34.7919479733 -0.2116962338 -0.9767321121 0.0343378179 24.6252789253 -0.1600809687 0.0693126257 0.9846673770 -2.3404989977
-0.9620154915 0.2130156859 -0.1707352090 -34.8409018236 -0.2221333186 -0.9743521333 0.0359820662 24.7385951130 -0.1586914706 0.0725412837 0.9846597277 -2.3377510102
-0.9611713889 0.2241089594 -0.1610116005 -34.7533503802 -0.2319502952 -0.9722196860 0.0314315570 24.8270130500 -0.1494945541 0.0675578016 0.9864518852 -2.4046951041
-0.9610258174 0.2364471697 -0.1432554164 -34.6507012677 -0.2415403134 -0.9702044134 0.0190177067 24.9093298828 -0.1344903543 0.0528784653 0.9895030129 -2.3573561142
-0.9502396079 0.2800633671 -0.1364155343 -34.5888583669 -0.2859104032 -0.9579318318 0.0249368606 25.0163092131 -0.1236928815 0.0626986131 0.9903377984 -2.3106018630
-0.9266988759 0.3480780140 -0.1416717667 -31.0640212338 -0.3553146942 -0.9343078314 0.0286416509 29.3358983791 -0.1223955121 0.0768802462 0.9894992503 -2.2729421894
-0.8990201308 0.4138858884 -0.1430429162 -26.1958358711 -0.4221047422 -0.9060011609 0.0314560504 35.6294971884 -0.1165778328 0.0886587158 0.9892164783 -2.0143262692
-0.8846387441 0.4437677022 -0.1431241384 -23.1907521355 -0.4529572187 -0.8907250924 0.0379284558 41.4313921708 -0.1106528377 0.0983820932 0.9889777112 -1.9283625988
-0.8693322940 0.4693638048 -0.1547868900 -20.7202677820 -0.4790406096 -0.8772704232 0.0302770375 47.3315763845 -0.1215790150 0.1004700126 0.9874838326 -1.9526540425
-0.8693322940 0.4693638048 -0.1547868900 -20.7202677820 -0.4790406096 -0.8772704232 0.0302770375 47.3315763845 -0.1215790150 0.1004700126 0.9874838326 -1.9526540425
-0.8693322940 0.4693638048 -0.1547868900 -20.7202677820 -0.4790406096 -0.8772704232 0.0302770375 47.3315763845 -0.1215790150 0.1004700126 0.9874838326 -1.9526540425
-0.8693322940 0.4693638048 -0.1547868900 -20.7202677820 -0.4790406096 -0.8772704232 0.0302770375 47.3315763845 -0.1215790150 0.1004700126 0.9874838326 -1.9526540425
-0.8643752099 0.4707518543 -0.1767715710 -17.2457386979 -0.4752978546 -0.8796324900 -0.0184019573 53.1114573486 -0.1641567727 0.0681129527 0.9840798645 -1.6912240067
-0.8550484170 0.4871591812 -0.1776742435 -16.9531296412 -0.4922908230 -0.8702642846 -0.0170241187 53.8491829382 -0.1629170041 0.0729109538 0.9839420931 -1.6837988682
-0.8561612110 0.4877878944 -0.1704433949 -16.6439842945 -0.4914419432 -0.8706069220 -0.0229870343 54.6661563756 -0.1596019965 0.0640824261 0.9850993074 -1.6819915674
-0.8511407687 0.4990700086 -0.1627529362 -16.1959161397 -0.5024491083 -0.8643085699 -0.0227065960 55.8827151640 -0.1520009386 0.0624485581 0.9864055415 -1.6405830819
